1500 90
32 45 7 13 26 62 27 85 60 1 14 90 45 39 44 78 82 18 88 19 70 35 65 10 41 86 25 43 74 46 8 52 14 25 47 14 49 50 78 19 64 27 71 54 89 53 76 62 26 71 35 89 27 30 50 5 26 69 2 27 16 42 69 78 81 31 12 63 65 63 74 72 25 86 20 23 31 51 3 56 15 68 81 55 46 28 13 43 44 63 
1 4 39
15 18 45
5 8 5
23 1 78
4 7 86
16 20 12
3 6 79
23 3 19
20 23 6
16 21 88
22 3 19
14 17 65
20 23 4
18 21 57
5 9 38
23 2 74
4 7 87
13 16 50
0 4 70
1 2 11
4 6 4
23 1 72
23 2 28
23 3 82
11 14 63
6 9 43
19 21 58
22 2 26
12 14 79
12 14 16
10 15 39
19 22 18
12 15 25
6 10 58
14 15 36
17 20 25
20 22 25
20 22 70
7 10 28
7 9 62
16 19 83
1 3 39
10 13 64
10 13 5
1 4 39
8 12 78
5 8 66
0 4 27
21 1 3
19 22 13
5 9 8
23 0 63
20 22 59
1 2 79
11 15 51
5 8 43
12 13 82
14 18 27
5 8 20
19 22 63
20 0 63
5 9 33
14 14 30
12 16 9
4 8 26
11 15 28
22 1 71
14 18 87
22 0 88
23 2 36
15 17 51
2 6 21
8 10 20
13 17 45
19 0 18
5 6 77
4 6 5
17 21 23
16 19 78
13 16 50
4 7 51
10 12 57
19 22 3
0 3 14
6 8 32
1 3 45
19 22 84
0 2 70
1 3 32
4 7 8
22 2 68
15 18 83
14 15 78
16 19 74
7 9 55
22 0 68
21 0 53
2 5 41
4 7 20
1 4 62
4 7 89
17 18 66
16 19 47
5 8 60
15 16 74
4 6 63
9 11 50
1 4 84
11 14 30
1 3 82
20 0 66
1 4 72
6 8 6
16 19 85
23 1 62
7 11 33
0 5 81
17 21 57
0 2 15
13 17 85
15 17 68
20 1 27
19 23 36
5 9 14
2 6 14
11 16 33
15 17 52
4 6 21
20 0 56
1 5 81
21 1 43
3 6 12
0 5 72
20 0 48
7 10 78
14 16 13
5 8 80
13 15 64
0 3 42
16 18 54
16 20 19
3 7 89
3 7 8
16 19 32
20 22 88
18 22 68
4 6 45
12 16 24
15 18 40
19 21 47
15 17 57
0 4 36
1 4 42
5 7 66
17 20 42
22 1 6
16 20 88
13 16 28
13 16 77
11 14 34
1 5 56
20 22 14
18 20 71
2 5 60
11 15 2
2 5 47
15 18 83
10 12 66
23 3 22
12 15 83
7 10 90
10 14 80
3 6 55
23 3 41
14 18 88
10 12 29
14 17 10
5 7 43
5 11 54
12 17 33
18 21 30
23 2 72
5 9 39
0 3 57
8 11 79
23 4 44
15 19 64
23 4 70
7 13 28
15 18 44
18 22 79
5 8 69
22 3 86
3 4 80
4 6 43
19 21 82
18 19 71
10 11 66
8 11 2
12 15 83
18 21 74
22 0 53
14 17 15
16 21 3
23 1 84
13 16 53
4 8 61
5 7 14
19 0 68
14 16 64
11 12 18
4 7 68
22 1 61
0 2 28
13 16 21
21 0 22
11 13 58
4 8 47
0 4 9
18 22 77
12 16 89
2 4 86
19 23 87
7 12 12
3 4 19
15 17 63
7 9 11
10 14 82
11 14 66
6 9 57
14 18 6
2 5 44
21 23 2
9 11 8
15 17 35
20 0 61
4 7 75
11 15 66
21 0 21
23 2 60
0 3 76
3 6 63
3 4 8
21 0 88
6 10 80
21 0 63
7 11 33
4 7 1
4 8 90
23 4 29
10 15 86
7 10 15
18 22 63
0 1 42
23 2 45
3 8 86
22 2 80
2 6 82
15 16 14
7 12 86
13 15 86
14 17 2
0 3 76
2 3 18
5 8 54
17 21 26
7 8 59
6 8 57
11 12 1
13 17 57
4 8 79
17 18 53
16 19 62
15 18 33
7 10 48
6 10 52
11 16 17
8 11 45
14 16 1
9 12 69
3 5 87
17 19 11
7 9 21
8 13 2
2 5 52
3 6 30
15 19 45
8 10 73
14 17 65
14 15 33
10 14 86
21 1 5
3 5 80
8 13 33
8 11 79
7 9 33
9 14 72
11 16 42
10 12 72
2 4 62
18 21 43
18 22 33
11 12 73
23 3 35
11 14 72
22 2 77
21 1 71
12 15 31
6 12 58
7 10 68
7 10 39
8 10 39
7 10 56
4 6 66
19 21 36
4 7 77
5 8 13
12 13 59
11 15 15
0 4 23
21 1 43
0 4 24
5 10 37
2 5 83
18 20 9
8 10 4
11 14 31
18 23 19
12 14 7
3 7 3
15 19 87
12 16 22
12 14 80
0 2 54
8 12 21
9 11 9
16 18 64
18 20 33
17 21 60
12 15 26
2 4 81
4 7 6
12 15 6
8 11 40
8 11 17
20 0 80
11 14 29
21 0 82
22 0 53
18 19 47
8 9 40
2 5 39
12 16 24
10 11 23
9 14 50
0 2 51
6 9 19
8 10 88
13 15 87
19 21 57
2 5 23
5 8 18
20 0 28
23 3 13
2 5 80
22 0 50
14 17 90
23 1 85
4 7 62
1 5 58
15 19 49
5 8 80
16 21 64
21 2 66
0 2 67
23 2 3
4 8 41
23 3 28
13 17 44
1 4 17
3 6 54
21 23 26
8 12 19
5 10 49
14 17 55
1 4 29
23 1 52
13 17 34
2 4 44
21 2 63
9 11 54
7 8 66
21 1 33
2 5 2
0 2 3
11 15 34
14 17 7
4 8 16
10 13 87
7 13 7
20 23 53
14 18 79
16 18 63
2 5 30
5 7 82
14 18 86
23 2 40
18 20 89
13 15 27
3 5 35
16 20 77
23 3 69
14 18 60
18 21 19
21 0 87
8 10 86
7 12 89
19 22 77
1 2 12
8 11 61
17 19 22
14 16 22
13 18 76
6 10 18
14 17 76
22 0 13
18 21 57
22 2 2
23 2 57
0 3 51
0 2 78
15 20 88
12 14 27
5 10 87
2 5 13
20 0 65
17 20 73
3 8 41
12 14 26
10 12 69
22 1 46
5 7 23
2 5 70
15 17 84
17 19 81
13 16 14
9 12 56
8 9 5
21 1 66
7 10 69
9 11 3
7 10 1
14 18 2
19 22 65
21 22 60
1 3 78
10 13 64
3 6 15
16 17 3
12 14 8
18 21 7
9 11 83
22 23 45
16 19 86
22 0 14
16 20 12
18 21 2
4 7 60
17 19 19
5 7 24
11 16 13
13 16 83
21 0 68
8 10 29
3 7 25
7 10 82
12 16 74
22 1 17
4 9 86
22 3 19
9 13 58
22 2 49
3 6 12
12 16 19
6 10 35
13 15 43
21 1 11
13 17 12
18 23 40
12 15 21
16 18 16
20 1 82
13 17 72
3 4 41
10 13 84
7 11 56
6 10 58
6 8 42
3 5 6
14 17 40
13 15 11
7 10 84
19 21 33
18 21 37
16 19 15
10 13 10
6 7 74
0 2 82
22 3 53
1 6 62
11 12 3
11 15 72
14 18 62
10 13 76
13 15 46
4 5 51
2 5 77
22 4 46
0 2 9
15 17 27
10 14 70
19 22 86
13 17 5
15 18 16
7 9 37
6 8 53
19 23 36
1 4 88
6 7 67
18 20 60
0 2 74
15 19 66
4 7 80
16 19 16
10 12 87
20 0 52
8 12 90
23 3 87
12 15 59
4 7 86
10 13 87
20 0 31
21 23 33
20 0 77
13 15 32
2 4 54
17 20 38
4 8 88
6 9 71
21 23 60
9 11 50
3 7 37
14 17 62
17 19 14
0 1 39
12 18 63
23 2 56
2 5 80
6 10 76
21 0 16
4 8 88
7 11 63
3 6 54
13 16 21
6 8 17
16 19 57
2 6 19
2 5 37
16 19 84
2 5 43
18 22 18
13 16 10
0 2 81
20 23 70
3 7 38
13 17 87
9 11 76
5 7 11
19 21 8
23 3 46
5 9 67
8 11 44
12 15 84
20 23 58
22 0 51
13 14 6
20 0 61
19 23 46
9 12 77
23 2 64
21 1 42
18 19 21
11 12 69
18 21 53
8 8 34
9 13 11
10 12 45
23 3 46
17 22 67
6 9 35
12 15 43
14 18 77
20 23 21
23 3 50
4 5 7
4 8 51
8 13 19
6 8 30
16 18 48
9 12 6
13 17 53
23 0 45
21 0 34
10 12 83
6 12 42
21 0 24
17 21 22
18 19 79
16 20 45
7 8 44
13 16 20
16 19 75
13 16 83
21 0 85
15 17 89
19 22 20
17 20 13
16 21 82
12 14 65
3 4 25
15 18 50
13 15 84
9 14 71
7 11 39
5 7 46
17 19 21
10 13 19
23 1 88
23 2 63
7 8 52
16 21 12
3 7 14
18 21 11
12 13 6
7 10 80
10 12 73
21 1 73
18 19 77
20 23 54
3 7 76
21 22 89
20 22 57
7 11 40
4 6 10
5 7 70
1 4 26
8 12 31
20 23 16
7 12 33
8 12 24
5 7 17
1 2 20
16 19 31
7 11 86
12 15 80
15 19 86
9 13 55
20 23 34
2 3 14
4 8 26
3 8 25
20 22 23
18 20 67
15 19 64
15 18 32
9 13 63
9 13 62
2 6 7
10 12 29
21 1 89
17 19 89
23 1 36
1 4 77
18 21 40
1 5 79
20 23 58
20 23 10
22 1 33
4 7 24
9 11 75
14 17 51
9 11 18
13 16 50
18 22 78
12 15 34
14 16 81
10 13 89
14 18 65
9 12 34
5 6 65
0 1 42
14 16 87
21 22 39
18 22 50
17 19 7
19 21 49
16 20 89
22 1 27
17 19 3
3 7 50
0 1 27
12 14 49
15 18 12
11 13 37
21 23 64
23 3 59
17 21 61
12 14 79
2 4 21
4 7 18
4 7 67
2 2 67
1 3 78
17 21 69
20 23 39
8 10 57
0 2 24
10 12 1
7 11 30
5 9 76
10 12 58
16 20 15
7 12 81
4 6 47
10 15 63
10 13 31
20 22 81
4 9 44
15 19 42
18 22 6
23 2 64
10 14 44
4 8 69
12 14 49
14 16 61
9 12 88
22 2 88
5 8 45
5 7 39
19 21 18
19 21 26
10 12 38
12 15 56
8 10 9
21 23 83
14 15 57
20 23 44
5 9 2
19 22 16
23 2 76
21 23 81
8 12 26
21 23 40
20 1 27
12 14 71
8 10 45
19 22 3
6 9 76
13 16 30
17 20 4
17 20 75
16 21 64
5 9 70
4 7 28
8 10 16
14 18 3
14 17 58
8 11 7
22 1 80
11 12 38
8 12 57
16 18 22
7 8 48
11 14 39
19 22 20
13 15 30
13 16 50
18 22 69
17 22 55
15 18 68
15 17 20
2 5 85
18 21 25
23 2 68
9 12 15
13 16 17
18 22 76
23 3 22
8 11 13
17 18 34
18 21 42
10 12 40
14 17 63
7 12 6
23 2 34
0 2 80
1 4 43
0 4 13
6 9 32
11 14 7
11 14 17
2 6 43
5 8 31
4 7 46
8 11 44
15 18 52
3 6 41
22 2 31
0 4 89
10 12 62
22 1 33
16 19 66
7 10 64
18 22 8
23 2 76
3 6 64
11 14 53
1 4 64
18 23 13
10 12 46
2 4 71
23 3 25
17 19 69
3 5 24
13 16 45
10 12 30
21 0 6
3 5 88
21 23 4
8 11 85
7 10 48
4 7 65
9 13 57
12 14 20
2 6 63
23 2 52
16 17 41
19 21 62
23 0 1
10 11 37
21 1 18
6 8 19
10 13 74
4 7 67
19 20 56
10 13 23
19 23 24
4 8 63
12 17 73
3 7 70
21 0 69
9 14 32
18 21 50
8 11 59
1 4 16
14 19 69
6 9 37
13 16 18
11 13 9
15 18 62
5 9 16
7 10 47
22 1 86
15 18 22
22 1 42
15 17 65
7 9 71
6 7 29
6 9 50
8 12 14
15 18 79
15 18 37
15 18 4
15 17 63
22 1 55
5 9 84
4 7 29
0 3 6
2 4 78
12 16 81
9 11 54
0 3 46
0 4 18
5 9 45
17 19 15
5 8 7
5 9 1
2 4 7
7 10 88
22 2 43
12 15 14
23 2 16
3 5 44
11 15 85
20 23 49
10 12 18
7 8 71
21 23 85
17 19 62
7 10 56
4 7 54
2 6 68
0 4 15
12 14 4
1 4 26
9 13 24
10 15 87
20 23 55
14 17 53
10 12 43
23 0 54
12 14 10
10 13 79
10 12 76
6 10 6
23 2 3
10 13 32
15 17 36
9 12 49
6 10 39
11 15 51
10 13 14
13 17 20
0 2 27
20 22 86
18 22 36
7 8 84
16 19 10
11 15 85
21 23 15
0 3 88
21 0 48
23 3 41
0 5 26
18 20 90
3 5 68
18 21 18
8 13 48
8 11 76
7 10 49
12 15 40
11 13 89
14 16 82
3 8 90
12 14 50
22 1 46
2 5 35
18 21 67
7 10 21
1 5 7
19 22 2
3 6 21
13 17 41
14 17 11
0 4 61
20 22 46
22 1 87
16 19 18
8 11 62
9 12 45
19 22 42
9 13 13
10 12 50
5 9 87
1 6 69
21 23 85
12 16 13
16 19 49
4 7 74
19 21 11
15 17 1
11 15 4
17 21 18
0 3 61
21 2 60
11 15 44
16 19 72
2 4 4
16 20 19
2 2 17
5 8 52
9 10 16
15 17 78
11 14 1
5 9 39
20 23 29
5 8 88
20 22 52
4 8 5
20 0 27
22 1 54
9 11 33
0 3 48
9 12 57
20 23 31
4 6 83
16 19 60
2 4 86
17 20 28
5 8 8
8 11 62
1 4 45
5 7 18
3 5 70
2 6 61
21 23 30
3 7 74
2 4 86
4 9 64
11 15 28
18 22 85
10 13 84
2 5 38
21 0 14
1 5 59
21 1 29
9 13 65
3 7 47
15 16 65
2 3 13
22 0 12
4 6 67
13 16 32
11 13 14
9 11 84
11 15 50
22 3 61
9 11 3
21 1 78
11 15 12
9 12 79
21 22 20
14 16 69
10 13 40
5 8 40
4 8 37
0 4 24
2 6 76
3 7 73
6 8 75
8 10 77
2 6 40
15 17 16
22 1 39
1 4 8
0 2 50
16 19 42
0 3 77
0 4 83
19 23 3
18 21 11
22 0 38
18 21 57
4 8 35
19 21 14
7 9 53
23 3 57
13 16 5
0 3 22
14 15 13
7 9 3
21 0 50
13 16 50
10 12 78
2 4 19
1 2 33
10 12 84
22 0 27
1 5 87
22 3 12
20 1 48
17 21 78
13 15 87
9 12 84
7 10 62
2 4 77
3 7 78
16 20 77
9 14 87
13 15 90
22 3 7
11 14 50
4 5 4
23 1 45
6 10 82
4 6 10
10 12 37
22 1 79
7 11 80
6 10 82
20 23 30
20 0 51
12 16 11
4 7 40
5 8 54
4 6 52
20 23 30
20 1 19
18 20 24
2 6 19
21 21 8
7 9 10
20 23 62
19 0 19
2 5 28
2 6 88
11 14 16
10 13 24
6 9 9
11 17 45
23 1 14
12 16 73
22 2 49
13 17 81
21 0 9
7 9 77
2 7 48
18 21 90
18 20 33
23 2 20
14 18 36
18 21 12
17 20 77
4 8 39
19 0 52
23 1 30
3 6 21
14 17 26
12 14 66
13 16 69
16 17 13
10 13 1
2 6 63
16 19 89
18 21 90
22 0 85
14 16 72
14 17 62
12 14 38
16 20 33
23 3 73
5 9 83
12 14 86
21 0 27
20 23 87
15 16 15
1 3 42
13 17 89
15 18 11
9 13 23
20 22 86
2 5 17
11 15 2
13 16 16
4 8 51
10 12 18
8 9 26
8 11 69
6 10 75
17 19 85
12 15 17
22 2 75
7 13 82
18 21 34
2 5 46
7 11 39
17 19 90
17 21 33
21 23 90
4 6 89
6 9 57
6 9 68
4 7 74
6 8 69
19 23 72
23 0 16
12 16 27
12 15 28
16 19 9
19 23 76
12 14 15
6 10 71
6 8 5
22 1 64
10 13 27
3 7 51
19 20 31
16 19 14
22 1 84
1 5 25
10 13 2
3 6 17
3 6 84
13 16 32
3 5 24
19 21 72
13 17 10
20 21 46
3 5 8
8 12 36
3 8 32
22 0 29
14 17 25
6 10 75
4 7 48
13 16 18
20 23 22
22 0 50
14 17 61
22 1 31
2 5 22
8 12 60
16 19 44
23 2 84
14 18 60
17 19 16
9 11 42
11 13 28
5 9 8
11 13 64
20 23 37
19 20 64
11 15 46
16 18 46
20 0 67
19 21 82
12 15 83
7 10 84
1 5 70
4 5 73
21 23 7
14 17 64
3 7 6
12 14 83
16 19 64
16 18 70
6 9 22
3 6 72
11 13 42
20 23 23
1 3 41
12 14 1
15 18 5
9 14 75
13 15 86
18 21 20
15 17 1
4 7 89
5 7 10
15 18 68
10 13 79
15 18 39
16 20 80
21 1 31
11 15 66
15 19 21
14 19 19
5 8 39
21 23 55
15 19 68
18 22 44
4 8 6
5 9 80
1 4 29
5 6 24
18 21 59
10 13 80
17 19 48
5 9 16
8 12 1
1 6 23
22 1 68
5 7 44
2 4 61
18 22 90
2 6 16
20 23 9
9 12 46
12 15 35
15 18 49
13 16 37
13 17 55
1 5 20
21 1 15
17 18 49
12 14 15
2 5 45
10 13 69
9 14 37
12 12 56
0 0 44
21 0 26
15 17 7
8 10 87
7 9 50
4 9 26
22 3 10
16 19 13
9 12 78
10 11 38
13 17 4
11 13 21
7 10 6
5 7 54
12 14 2
12 15 33
23 1 33
0 2 58
15 17 46
12 15 12
11 14 66
19 21 51
20 23 9
10 14 25
21 22 8
15 20 48
14 18 46
16 18 9
6 9 26
12 13 3
3 6 24
10 13 34
17 20 36
10 15 53
7 10 20
8 13 89
18 21 83
3 6 26
7 11 17
18 21 37
0 1 65
18 21 44
17 20 70
10 11 87
16 18 80
16 17 63
2 5 90
21 2 26
22 1 6
11 15 24
3 7 7
22 1 40
6 10 88
21 0 64
17 20 34
10 15 70
15 17 65
14 18 58
3 6 58
16 20 17
23 1 62
21 0 84
18 20 50
21 23 23
18 20 88
18 19 5
17 19 8
7 10 40
11 13 40
13 17 51
1 6 76
8 11 77
8 11 84
12 16 5
7 10 23
16 20 71
21 1 84
15 20 8
8 13 49
5 7 38
13 17 18
4 5 68
23 4 28
6 9 85
4 8 65
21 0 57
12 16 57
12 15 61
9 10 18
20 0 36
7 12 56
13 15 74
16 18 6
22 1 58
12 15 18
0 2 75
21 1 69
22 0 59
22 23 36
0 3 39
5 9 5
17 20 53
10 12 20
19 0 71
15 16 72
22 1 3
17 21 58
17 20 80
17 19 80
2 6 29
9 15 23
15 17 18
11 12 73
0 3 6
1 4 66
18 20 37
10 14 57
23 3 16
14 19 56
3 8 18
21 0 75
15 17 48
17 19 8
16 19 57
5 9 52
19 22 33
6 8 47
2 4 15
1 4 11
20 0 86
8 11 15
22 1 63
22 0 51
3 8 84
16 19 55
13 18 47
4 7 50
13 17 59
4 5 58
15 17 61
3 6 53
22 0 19
21 0 90
10 14 35
7 8 77
23 4 50
4 7 51
5 8 61
16 17 22
22 2 59
4 6 27
11 15 8
3 6 18
4 7 53
16 19 44
13 16 12
22 1 34
5 8 4
11 14 87
23 1 8
14 17 49
1 4 78
11 12 63
15 19 24
5 8 69
9 13 69
8 11 80
14 17 34
23 1 35
23 3 82
18 22 71
21 0 83
23 1 35
8 11 57
21 23 88
12 16 18
11 15 61
14 16 88
18 21 79
2 6 32
15 19 28
23 3 12
20 0 69
22 1 85
13 15 17
16 19 13
1 4 60
15 16 16
15 19 6
22 2 17
1 4 1
10 11 3
16 20 2
8 10 11
11 14 80
21 23 55
0 2 59
23 2 17
21 0 88
23 2 7
