1300 50
1 26 10 6 22 21 50 5 22 48 33 49 26 29 40 16 46 12 17 28 25 2 30 47 24 49 43 22 26 24 44 39 9 46 49 26 18 27 18 44 10 4 44 14 7 29 45 36 38 9 
6 9 38
6 9 4
18 21 47
23 3 12
19 22 16
21 23 22
21 0 48
2 5 48
4 6 28
23 3 20
21 0 41
21 0 17
11 13 26
11 15 37
13 17 37
17 20 1
17 21 5
10 13 40
12 15 40
18 21 14
12 15 40
19 0 22
18 20 38
8 12 49
22 2 44
17 19 36
3 5 11
13 16 22
11 10 3
0 4 1
21 22 3
0 5 46
21 0 23
18 22 39
7 10 22
19 22 4
18 21 25
23 4 15
18 21 35
3 9 19
23 2 6
16 19 39
19 21 47
3 8 33
14 18 37
19 19 42
0 4 13
4 7 14
15 18 36
6 9 1
3 4 25
21 0 39
13 15 14
2 7 27
0 4 17
21 22 31
21 1 46
6 10 3
22 2 15
20 23 24
7 11 14
22 2 31
15 18 13
5 8 9
17 19 35
22 1 17
4 9 36
22 2 29
2 5 41
20 23 35
7 8 50
17 20 27
23 3 2
16 20 43
23 0 47
8 12 14
9 11 13
21 0 4
0 1 19
2 4 50
22 1 2
3 6 13
16 19 37
22 1 1
2 5 6
8 10 11
18 22 3
14 16 24
8 11 36
22 2 45
19 21 1
13 15 6
19 21 13
11 14 10
15 19 11
15 18 14
4 7 33
15 16 6
10 14 43
14 17 35
21 1 3
17 19 26
10 13 20
20 0 38
10 13 23
18 22 34
8 11 49
7 10 39
5 6 5
21 22 22
1 4 18
22 0 39
1 5 12
3 3 6
16 21 39
6 10 17
22 1 2
22 0 42
9 13 8
13 17 15
0 3 30
0 5 46
1 4 40
23 1 37
5 9 41
2 4 27
1 4 18
12 14 7
16 19 1
21 1 47
3 7 11
11 14 15
18 21 44
1 4 47
16 20 6
8 10 1
13 16 28
17 20 5
1 4 47
23 1 46
15 19 40
15 18 49
11 13 24
16 17 3
21 23 21
16 19 42
8 10 17
16 20 2
7 11 42
15 19 42
9 12 28
6 9 15
13 17 40
10 10 1
10 14 37
20 22 48
22 0 39
15 20 1
4 6 36
8 12 49
1 4 29
15 17 32
16 19 2
9 11 18
2 6 50
22 2 23
2 4 6
15 18 47
15 18 27
0 4 26
12 15 43
3 4 42
15 18 33
13 16 1
9 13 29
20 1 29
0 4 44
9 10 7
3 7 42
3 5 8
9 12 49
11 15 5
20 22 34
12 13 12
11 15 41
22 23 23
10 13 32
4 6 45
4 6 20
18 20 15
1 4 47
18 22 5
8 12 25
22 1 36
1 5 30
9 12 19
7 10 25
9 10 16
20 0 18
8 11 7
11 13 34
8 11 28
1 3 30
23 3 28
20 0 17
11 14 32
1 3 37
5 9 1
2 4 11
15 18 12
6 11 22
23 2 5
12 14 49
19 23 49
17 22 50
16 17 4
19 22 10
7 8 35
9 10 42
11 16 44
3 6 22
14 18 41
21 23 21
1 4 47
14 15 20
10 14 19
21 0 44
13 15 43
20 23 15
16 21 39
23 3 44
0 2 37
20 23 40
3 6 7
9 11 36
0 3 48
6 9 27
17 21 29
12 14 29
15 18 41
2 5 50
2 3 6
8 10 8
23 1 27
5 8 7
16 19 22
4 8 15
15 20 2
20 23 26
20 23 38
7 10 46
16 18 36
14 17 31
20 22 34
15 20 28
23 2 22
7 11 31
9 11 8
14 18 41
10 12 34
10 13 48
3 5 19
7 10 23
3 6 45
7 10 8
0 3 27
9 10 30
7 12 48
10 12 48
1 3 34
8 10 35
19 22 8
13 17 44
18 20 50
23 2 19
18 22 13
14 17 14
5 7 32
21 22 46
9 13 12
3 7 38
19 23 27
0 2 10
5 9 19
13 15 5
4 9 49
3 7 7
5 8 15
2 5 41
14 17 5
2 6 4
11 16 42
13 17 27
4 7 43
0 2 45
15 18 18
6 10 22
13 15 47
13 16 25
6 8 21
12 16 36
21 22 21
23 3 11
18 20 16
11 13 39
7 9 41
7 11 6
10 14 15
19 22 30
19 21 18
14 16 30
20 23 35
12 15 26
23 1 37
7 11 31
14 17 43
2 6 28
17 18 36
11 13 32
21 1 32
0 4 31
3 7 29
9 9 15
9 14 7
12 15 46
13 15 15
9 11 43
16 19 6
0 4 28
17 19 25
12 16 26
7 9 18
8 12 38
7 10 15
22 2 41
0 3 3
8 12 37
20 0 23
19 22 34
16 19 47
21 1 20
1 5 37
2 3 22
11 14 22
21 0 45
13 14 1
13 17 22
23 1 27
13 17 15
19 21 6
11 15 34
2 7 32
0 3 13
17 21 35
5 8 20
14 17 12
8 11 24
1 4 34
16 18 32
19 22 15
19 23 40
15 19 43
8 11 17
21 0 18
19 22 31
19 22 27
21 1 6
8 10 41
16 20 49
17 21 7
8 10 28
8 12 28
21 1 40
20 23 7
5 8 23
14 16 16
20 23 29
17 19 23
6 7 14
3 6 10
18 20 5
14 16 30
12 16 13
20 23 35
0 3 50
17 20 7
5 7 14
1 3 37
2 6 10
22 23 16
4 6 40
2 5 45
9 11 33
13 16 46
16 19 29
2 5 37
10 12 35
22 1 2
3 8 13
21 22 35
19 0 24
15 17 43
23 1 22
15 18 26
16 19 9
15 17 27
4 7 45
7 9 1
4 7 38
14 17 12
7 11 2
8 12 40
15 16 39
12 14 29
0 5 31
9 12 32
23 2 10
9 11 33
10 12 20
1 2 49
18 20 47
20 23 13
9 13 8
20 23 26
21 1 23
3 6 48
4 6 28
21 1 1
19 21 43
13 17 21
14 17 3
0 2 37
4 7 22
5 7 9
0 3 46
13 15 48
0 4 6
17 19 50
6 9 14
19 23 11
21 0 50
16 20 37
20 22 25
19 21 8
13 15 38
14 16 47
2 5 19
4 8 8
10 14 42
20 0 10
8 11 19
19 0 8
21 0 29
11 14 39
2 4 31
23 1 15
1 3 29
15 17 38
23 0 8
4 6 26
13 16 41
11 13 6
8 11 28
22 1 7
21 0 35
4 7 22
12 14 14
1 4 8
3 4 30
19 22 15
0 4 23
18 21 37
0 5 43
3 8 48
19 22 22
12 15 49
14 18 48
20 22 26
5 10 46
13 16 36
14 17 7
18 21 33
6 9 32
21 1 44
12 15 5
3 8 32
8 11 46
16 19 37
17 20 38
6 9 26
16 19 4
4 7 28
2 4 38
13 18 41
10 13 10
14 17 15
7 11 32
19 21 28
6 10 27
15 19 11
11 13 37
20 22 9
1 4 35
21 1 32
9 12 47
0 4 9
12 15 1
5 9 22
5 8 35
9 12 50
9 13 30
8 12 18
7 8 23
7 9 43
21 0 21
2 5 27
21 0 33
20 1 29
12 14 26
18 0 37
19 20 27
4 7 1
19 22 13
12 16 46
8 11 32
15 18 27
2 4 38
0 2 31
17 21 42
1 4 5
17 21 41
9 10 44
5 8 17
22 2 20
19 23 5
21 0 41
0 3 45
7 10 10
16 21 35
4 6 41
23 3 47
14 16 48
11 16 41
10 11 30
14 17 16
18 21 17
3 7 44
12 14 21
6 7 44
1 5 24
21 1 30
1 5 30
10 13 45
18 21 9
1 4 20
10 13 47
0 3 18
5 8 10
3 5 32
9 12 3
10 13 2
8 11 33
18 23 46
9 12 23
9 14 41
20 23 20
1 4 11
11 14 20
5 8 27
3 7 48
2 5 6
3 7 19
12 17 22
1 6 17
0 4 38
9 14 14
17 21 33
9 11 44
17 19 11
3 5 21
18 21 42
18 21 46
17 20 20
23 0 24
21 1 1
7 10 5
2 6 33
13 17 32
3 6 7
17 22 45
8 11 15
10 12 35
15 19 27
5 8 40
15 18 9
16 18 27
19 22 43
12 15 39
14 16 36
1 4 28
10 13 13
20 23 3
6 8 18
21 23 24
13 16 50
16 19 5
15 19 7
7 11 44
8 11 18
16 19 10
11 14 1
17 21 18
10 12 22
14 16 28
8 10 35
9 13 16
18 21 2
1 3 1
21 0 4
22 3 38
23 0 7
11 13 21
19 23 34
11 15 27
15 19 9
9 12 8
13 17 35
8 11 35
9 13 25
21 23 49
12 16 34
5 8 31
2 4 41
23 2 31
23 2 28
6 8 29
9 14 26
11 13 38
9 12 24
5 7 47
11 11 24
19 20 26
13 14 7
6 9 13
9 11 8
8 11 16
7 10 2
2 4 15
16 19 11
15 18 18
7 9 17
10 12 49
21 23 35
14 16 22
10 12 34
3 6 3
18 22 41
23 1 23
5 9 32
21 23 45
7 11 17
15 19 11
3 4 28
19 19 22
22 0 42
5 8 28
6 8 1
3 6 25
17 20 41
0 3 31
2 4 15
10 12 44
22 23 12
17 20 35
14 16 28
14 16 34
9 12 33
12 14 23
14 18 7
20 22 42
10 13 2
7 11 37
17 19 45
7 10 40
8 12 38
0 3 1
0 3 39
17 20 30
18 21 41
12 16 45
2 5 8
15 18 18
12 16 46
5 7 16
5 9 20
0 3 28
20 22 42
14 16 40
0 3 46
1 6 4
3 8 23
6 9 44
15 18 16
3 7 23
13 16 37
22 1 20
17 18 24
20 0 28
1 4 31
10 16 49
14 17 29
12 15 19
23 1 34
7 9 13
13 16 27
16 20 18
13 17 40
7 9 21
19 22 21
16 20 27
2 6 4
15 21 30
20 22 1
23 1 48
22 0 45
8 11 15
10 13 23
19 22 25
22 1 26
10 13 24
13 17 9
12 15 42
17 19 27
3 7 1
21 0 32
0 2 28
5 6 47
10 13 18
20 0 20
1 5 13
9 13 39
19 21 32
8 13 14
22 1 28
18 20 35
13 16 40
9 12 16
12 16 4
6 9 45
18 23 47
14 16 29
11 15 29
0 3 33
2 3 24
7 10 40
9 13 19
3 6 45
23 4 49
10 13 45
10 14 2
14 16 46
17 21 29
19 22 7
2 3 42
0 3 30
4 6 18
17 21 24
1 4 31
17 17 44
4 9 23
20 23 4
6 12 36
19 21 13
4 5 21
13 16 27
3 7 24
9 12 46
5 9 29
9 13 12
21 0 39
3 5 32
13 17 14
23 3 16
1 4 23
22 2 14
20 0 19
6 8 7
15 18 27
10 13 35
21 0 28
10 12 9
22 2 12
10 12 39
10 13 10
10 13 5
13 18 18
20 22 43
8 11 31
9 13 20
14 17 33
9 12 4
13 16 40
21 1 13
5 9 43
21 1 33
12 14 27
3 5 33
16 19 29
8 12 15
9 11 15
14 16 39
19 22 31
0 2 8
4 6 39
23 2 47
4 7 42
19 22 1
8 10 30
7 9 50
17 19 39
10 13 32
18 20 35
22 1 3
5 8 15
6 8 46
3 6 11
10 12 28
17 20 47
13 17 4
21 0 15
10 13 45
16 20 44
16 19 31
19 22 4
21 0 25
9 12 42
2 6 24
10 13 1
17 20 18
2 5 12
8 10 45
13 17 43
6 8 25
1 5 36
12 15 21
4 7 45
6 9 35
5 7 10
3 8 32
0 2 12
16 18 43
2 4 35
2 4 33
21 1 4
13 16 45
21 1 7
13 15 25
9 14 32
23 2 12
9 12 22
21 23 1
4 6 30
20 22 49
21 0 38
13 16 20
0 3 19
6 8 5
17 19 43
14 19 16
21 0 43
19 22 12
14 17 39
23 2 47
20 23 35
4 7 43
23 0 26
5 6 12
13 16 8
1 5 23
14 18 1
21 23 25
14 18 21
17 18 33
3 5 17
8 11 28
16 20 31
5 9 30
10 15 50
1 5 2
12 15 18
7 9 40
16 19 36
7 11 17
12 15 34
8 12 9
15 18 3
9 13 25
2 4 5
23 0 18
11 14 27
5 7 22
13 16 16
14 16 20
19 23 25
23 2 12
0 3 9
0 2 10
15 15 45
0 6 38
13 17 30
11 14 39
22 3 44
9 13 22
9 11 37
12 14 27
22 1 4
13 15 36
3 6 48
1 4 37
0 4 27
21 0 27
1 5 48
14 17 30
23 3 43
3 6 19
1 2 38
16 19 21
16 18 5
5 9 49
15 16 44
10 14 10
0 2 25
8 11 28
5 7 12
9 11 10
6 11 17
10 11 35
20 1 36
12 15 46
0 3 25
22 1 38
1 3 22
20 23 28
20 23 24
13 16 7
21 1 29
1 3 13
4 9 22
12 16 23
16 19 20
10 14 32
21 22 38
18 21 48
1 6 22
11 13 7
1 4 6
20 23 50
8 11 12
10 14 41
20 23 10
8 12 9
14 17 45
2 2 9
21 1 3
22 1 9
20 23 37
5 10 43
1 3 35
22 0 34
14 18 32
19 22 16
20 0 47
18 22 44
12 15 31
21 1 26
22 1 31
8 10 7
22 0 30
12 15 29
22 1 50
17 20 42
12 14 15
8 11 28
23 2 35
2 6 27
8 12 42
1 2 17
3 7 32
4 8 22
14 18 41
18 23 14
1 3 14
3 7 14
15 18 14
5 8 27
4 8 36
15 19 9
5 7 30
8 11 6
18 21 5
13 16 24
14 18 14
2 6 2
18 21 39
13 14 19
8 11 41
21 23 5
14 17 10
23 3 1
7 10 48
20 0 6
16 20 4
18 22 37
18 19 20
23 4 9
5 8 39
4 8 45
3 3 21
22 2 6
3 5 16
15 18 1
14 16 49
16 20 32
13 14 27
11 15 34
11 13 18
22 1 20
21 0 36
18 21 2
9 12 24
2 5 31
21 23 10
3 7 42
20 23 19
17 20 14
14 17 4
3 5 10
17 20 31
8 12 12
13 16 44
12 14 24
3 5 46
2 6 2
9 13 34
20 0 45
14 18 41
21 0 32
23 2 15
20 23 18
22 2 29
17 18 1
14 19 44
18 21 1
15 19 15
20 1 33
1 5 6
19 22 21
13 17 26
18 20 21
5 7 46
21 1 16
12 16 9
1 5 37
7 11 8
7 11 3
17 20 20
9 15 47
20 23 50
14 16 40
15 16 30
16 18 41
22 2 3
10 13 19
20 22 21
11 14 33
6 8 41
14 17 13
18 19 25
0 4 15
18 19 26
13 17 31
1 3 6
20 22 19
23 1 33
18 21 7
6 8 22
4 8 7
1 4 16
20 23 36
19 22 41
10 14 25
6 9 5
1 5 48
17 19 7
16 19 1
16 20 15
13 14 37
9 11 41
10 13 12
1 5 28
22 2 8
21 0 32
13 17 47
17 20 31
18 19 23
3 6 37
12 16 47
23 1 42
23 2 9
6 9 37
22 3 22
21 1 6
23 1 17
19 22 7
16 18 43
2 5 36
6 9 3
1 3 5
4 8 47
6 9 26
15 18 43
19 22 7
4 8 10
2 4 49
13 17 39
23 3 39
10 13 39
1 3 8
15 19 2
12 15 50
12 15 40
8 10 8
11 13 35
4 7 44
7 9 41
0 4 8
20 21 25
23 2 33
10 13 11
7 11 36
16 19 20
22 2 50
18 20 37
4 7 26
7 10 34
10 12 34
13 16 16
19 0 8
0 5 47
11 13 36
13 16 45
14 16 15
19 23 20
18 21 14
14 17 1
5 7 24
8 12 13
10 12 17
19 23 49
6 9 27
9 12 48
4 6 34
0 3 9
16 20 9
9 12 32
0 3 17
1 3 31
22 23 7
4 7 45
18 22 26
7 10 49
1 4 43
18 21 25
14 17 21
10 12 21
23 4 30
18 22 32
3 7 39
10 14 7
13 15 29
0 2 2
3 7 36
15 19 20
23 3 10
15 15 15
2 7 35
3 6 31
5 8 13
16 17 12
5 8 33
15 19 16
13 15 35
18 20 5
22 0 34
5 8 20
10 14 41
17 21 36
15 18 2
13 18 8
13 14 10
10 13 13
22 2 40
21 23 37
8 12 13
6 8 19
1 3 7
16 20 30
19 21 2
9 12 4
6 9 40
21 23 7
23 2 35
6 9 40
11 13 46
4 7 21
23 3 5
19 0 37
21 1 49
17 20 1
18 22 7
0 3 31
14 18 26
0 3 43
17 20 43
22 2 12
8 11 18
2 6 15
18 22 6
22 2 18
20 0 46
6 10 3
12 12 16
17 21 5
19 20 50
14 16 6
12 15 18
22 0 40
19 23 40
17 20 4
12 15 26
19 23 26
1 4 33
3 6 14
18 23 33
7 9 35
11 14 21
3 7 48
17 21 7
3 6 12
14 16 50
4 7 45
5 10 16
17 19 9
0 3 44
19 1 46
10 12 8
9 13 25
18 22 11
11 12 41
1 6 22
4 8 28
22 1 14
14 17 2
23 2 3
20 1 18
18 21 32
6 9 3
1 3 9
5 7 2
13 15 47
1 2 46
5 8 45
6 7 33
5 7 1
17 21 9
22 0 29
19 23 31
9 13 16
6 9 8
1 2 1
17 19 17
1 5 28
6 8 34
23 1 42
21 1 5
8 10 3
6 9 30
14 17 9
10 14 37
0 4 15
8 12 15
3 7 9
1 5 50
20 0 33
21 0 7
4 6 23
15 17 45
17 19 20
3 6 45
7 10 13
