1500 50
43 1 7 49 49 42 41 29 28 19 49 38 46 32 33 4 12 41 48 33 32 20 49 31 24 28 42 31 32 38 41 13 37 26 18 5 19 19 24 28 21 19 35 14 15 28 39 42 36 48 
23 2 50
11 15 11
16 19 7
20 23 50
16 18 9
23 2 11
0 3 38
22 1 7
23 4 28
8 13 5
20 23 11
12 15 45
3 8 1
11 14 48
23 2 12
23 1 1
3 8 46
7 9 1
22 1 28
19 22 33
5 6 17
10 13 11
7 9 50
11 13 35
14 17 48
22 3 42
21 0 22
16 19 37
16 19 30
13 18 41
2 6 45
4 6 4
23 2 1
1 3 23
6 7 43
20 1 23
6 10 46
21 22 18
4 7 22
8 13 13
5 8 10
21 2 37
23 3 11
16 18 27
12 14 1
17 20 32
6 8 18
20 23 14
6 11 39
3 7 18
0 4 29
4 6 10
15 20 4
18 23 30
18 20 47
17 20 47
9 12 23
11 14 9
20 23 23
12 14 6
6 10 14
21 0 28
19 0 50
20 0 15
6 9 7
4 9 50
0 3 30
22 1 31
2 3 27
16 19 30
18 19 8
3 6 43
12 15 23
6 9 23
1 4 5
4 6 9
15 17 31
7 9 25
0 2 7
8 11 46
15 16 30
5 8 1
5 8 27
2 4 31
9 15 31
23 2 22
16 21 26
13 16 49
11 14 17
0 2 4
13 16 32
4 7 13
0 4 9
23 2 17
20 21 7
2 7 39
9 11 42
18 22 26
11 15 11
17 20 50
8 11 38
16 21 29
10 12 40
6 10 28
5 9 8
6 9 19
2 5 35
22 0 7
6 9 3
12 13 6
0 1 49
2 6 7
8 12 10
7 11 49
8 11 22
12 16 2
8 10 1
15 17 32
5 8 22
18 21 33
9 12 16
9 12 26
2 4 23
17 19 19
4 8 40
8 11 42
23 3 12
0 2 5
8 11 36
16 21 35
23 3 30
7 11 2
19 23 9
18 20 8
11 15 19
3 6 30
14 19 20
7 11 35
14 17 20
13 15 46
4 6 23
9 11 44
13 16 14
5 7 48
5 10 49
14 17 26
5 7 2
20 22 34
14 17 5
15 19 34
15 18 19
2 7 27
9 12 47
13 16 7
19 22 32
0 4 11
2 6 3
13 16 14
4 7 36
9 11 27
1 4 22
14 17 41
5 8 9
9 13 48
23 2 38
16 19 29
2 6 26
22 2 44
11 14 20
5 7 16
6 8 21
22 23 10
8 11 22
5 7 6
17 20 44
6 8 40
22 0 40
18 23 46
2 6 29
20 0 3
22 0 1
2 6 31
10 13 48
5 8 37
16 19 24
19 22 40
13 16 40
6 7 2
2 3 33
6 7 34
14 17 38
4 7 3
20 1 45
5 8 36
12 15 14
6 9 23
15 18 50
10 13 41
18 21 29
1 2 13
11 15 20
17 19 45
17 20 21
2 4 19
16 18 45
11 15 45
16 18 1
15 18 9
0 2 36
17 21 24
16 19 48
21 22 25
15 16 19
11 15 32
3 7 41
4 6 15
4 6 1
5 9 19
23 3 1
9 12 6
20 23 49
12 15 33
22 1 40
19 21 39
18 22 17
0 3 47
20 23 25
5 8 14
17 19 4
0 5 1
5 9 22
12 16 48
6 8 50
23 1 26
17 21 6
17 21 15
6 10 37
19 22 20
3 6 49
21 1 11
5 8 31
12 15 46
2 6 47
9 13 13
21 23 37
23 3 21
15 19 27
10 15 11
3 5 35
3 5 49
7 9 29
7 10 45
3 7 20
7 10 20
12 14 47
15 19 30
3 6 20
17 21 45
20 22 26
5 9 40
4 9 34
12 14 41
1 5 48
0 2 45
22 0 13
1 3 38
20 22 47
13 16 4
0 2 44
9 12 8
9 13 49
23 2 31
3 7 8
7 9 19
6 7 18
13 17 5
20 23 11
17 20 44
3 6 50
0 4 7
7 9 21
17 21 42
0 2 13
7 9 21
15 18 23
4 6 3
13 14 17
2 6 30
21 0 46
11 13 32
3 6 27
7 10 37
11 15 11
21 0 12
0 4 9
21 23 50
16 19 32
5 7 11
19 0 21
17 20 43
15 18 40
6 9 37
14 18 5
1 5 45
19 1 12
21 1 20
10 12 10
21 0 15
20 23 36
15 19 4
11 13 38
9 11 37
0 2 20
7 13 8
19 22 45
23 1 34
12 14 22
17 21 8
2 6 4
7 11 19
0 3 29
23 1 47
8 12 27
20 0 40
9 11 11
10 11 25
11 13 5
4 8 49
0 1 5
13 16 22
4 7 24
10 14 31
1 4 36
18 23 11
16 20 42
0 3 18
8 10 6
4 8 28
7 10 46
14 19 45
7 10 22
22 2 50
1 5 27
4 7 7
21 23 43
12 15 36
11 15 47
16 19 32
2 4 23
14 16 42
12 16 26
5 7 23
23 2 37
20 22 5
5 11 49
2 6 33
18 22 17
1 5 38
8 12 7
6 10 22
6 10 24
3 6 47
10 13 32
7 10 35
5 8 4
14 17 43
20 22 2
14 17 41
0 3 36
2 4 44
4 7 11
23 4 17
8 10 31
7 12 6
1 3 21
22 1 24
9 11 17
1 3 50
9 12 42
20 23 46
10 13 47
0 4 28
23 2 10
21 0 13
16 17 25
2 7 46
1 4 33
18 21 2
9 12 39
12 14 50
0 2 10
2 6 13
0 3 1
8 12 40
15 19 23
5 7 16
2 5 18
23 2 39
17 20 19
0 4 50
17 20 26
0 3 38
0 3 7
7 8 11
12 15 47
9 12 43
0 2 8
7 11 8
3 6 13
4 8 46
9 12 43
5 7 28
17 20 45
7 10 38
21 0 46
23 1 30
2 5 9
11 13 42
1 5 31
3 4 50
19 21 33
17 20 49
7 11 35
19 23 37
8 10 4
11 14 28
14 16 22
3 6 1
21 1 2
13 17 7
8 10 16
9 11 32
9 13 9
11 15 35
5 8 3
17 21 32
14 16 47
23 2 32
9 13 7
17 22 9
17 22 35
7 10 5
18 22 39
20 0 23
14 17 46
6 8 50
9 11 29
10 13 12
0 2 4
1 2 10
10 13 48
10 14 7
13 18 47
16 17 48
0 4 3
0 3 34
17 19 25
6 9 50
3 6 38
0 3 1
4 7 49
15 18 49
14 18 12
20 23 50
5 9 14
12 15 36
19 20 26
4 7 34
21 1 31
6 7 25
20 22 2
12 17 38
8 12 19
10 11 13
20 23 21
22 1 10
8 12 1
20 23 6
19 23 50
4 6 3
16 19 18
20 22 35
16 19 25
23 2 13
11 13 1
9 13 1
18 21 44
6 9 15
18 20 49
12 15 37
5 7 11
13 17 37
18 21 39
10 14 31
20 22 27
0 4 26
7 10 15
18 21 31
23 3 26
3 6 12
21 23 49
5 7 5
13 16 44
15 19 26
19 21 12
4 7 32
22 0 49
12 15 3
5 9 15
16 19 12
12 15 29
0 4 3
20 0 49
18 22 36
22 23 43
18 21 44
15 18 13
1 3 39
3 7 44
18 20 6
16 18 32
7 11 28
6 9 28
10 14 1
19 23 24
23 2 44
2 7 17
5 9 38
5 8 9
6 10 3
12 15 2
12 13 44
20 0 37
21 0 43
1 3 25
1 4 38
12 14 6
21 23 40
19 22 26
15 16 38
5 9 36
2 4 31
23 2 30
0 3 12
20 23 44
8 11 30
18 21 7
7 11 18
13 16 8
23 1 19
6 10 16
7 8 8
6 9 27
18 20 1
4 8 33
16 21 7
6 8 11
22 1 15
3 6 49
0 3 3
21 1 33
22 1 8
4 9 43
7 9 48
0 4 25
13 16 14
4 5 15
14 18 35
22 0 26
19 22 2
19 22 4
22 1 30
5 9 49
3 6 38
16 20 47
17 20 2
17 20 2
4 7 42
5 8 35
6 10 45
17 19 14
10 14 47
11 14 3
9 12 5
18 22 8
18 21 45
22 1 9
15 20 40
17 19 47
13 17 16
10 12 42
9 11 3
22 2 14
8 13 12
22 3 17
21 23 21
4 7 16
17 22 4
9 13 7
21 1 10
0 5 30
22 2 6
15 16 30
19 22 21
4 7 41
20 23 40
2 4 33
20 1 31
18 21 3
2 4 37
6 7 29
6 11 5
10 13 29
10 15 13
0 3 36
20 23 39
16 17 4
14 18 36
11 15 5
23 1 36
12 15 38
12 15 22
2 5 44
21 1 34
17 22 14
11 15 46
7 11 43
4 7 2
6 9 17
13 17 4
13 15 5
14 18 35
15 18 35
20 23 48
9 13 39
17 20 28
0 4 39
6 9 10
0 2 4
12 16 15
8 10 37
7 10 44
0 3 5
23 1 43
17 20 8
0 1 45
23 2 13
15 18 35
12 14 16
4 7 13
22 2 12
8 11 1
13 15 35
5 7 5
13 15 2
19 22 19
23 2 22
8 11 26
5 8 11
21 1 36
14 18 13
9 12 43
12 16 33
7 9 35
2 4 13
14 16 38
9 12 22
4 7 38
5 7 22
10 12 27
6 10 20
12 15 34
18 21 40
8 10 50
15 18 12
9 12 47
13 14 38
6 8 35
13 15 17
16 19 33
12 15 26
14 17 30
2 4 47
21 0 15
22 2 48
22 0 6
16 20 1
14 16 14
6 8 25
0 1 17
12 15 32
4 7 41
7 11 33
23 2 7
11 15 43
21 23 23
16 18 4
19 20 35
9 9 16
3 7 11
9 11 48
8 12 20
8 10 20
7 11 12
8 12 31
22 2 20
20 0 26
18 21 7
10 12 21
9 13 38
14 16 44
22 0 2
9 11 18
2 5 25
3 6 35
15 18 5
4 6 14
13 17 47
23 2 16
18 21 39
14 16 48
20 21 19
20 23 25
13 18 41
7 10 47
17 18 33
15 19 25
10 13 34
20 0 12
1 4 25
23 2 17
6 9 37
21 22 18
13 18 6
8 11 20
20 23 45
17 19 4
20 23 46
12 14 23
6 7 43
15 16 47
18 20 34
1 4 7
6 9 27
19 22 49
3 8 36
15 19 26
17 20 20
15 17 14
17 21 44
11 16 37
4 9 35
15 20 43
0 2 29
18 21 42
4 8 19
20 23 43
10 13 24
14 15 17
19 23 10
3 5 5
3 7 31
16 19 2
19 21 42
6 10 7
13 17 32
7 9 29
20 23 22
14 16 49
4 6 34
5 7 50
16 20 46
16 20 5
7 10 1
18 21 30
1 2 50
23 2 17
20 23 31
12 15 6
14 17 11
4 5 48
18 19 44
4 8 11
10 13 22
10 13 23
9 11 15
2 6 29
3 6 13
5 9 34
2 6 12
14 15 22
13 16 30
0 1 16
7 10 8
7 10 21
6 11 21
15 18 5
22 1 42
1 4 38
22 1 43
21 0 34
18 21 27
2 4 27
15 17 16
3 3 6
5 9 34
8 11 45
14 16 13
4 6 41
18 20 4
18 21 16
19 23 14
12 14 29
0 2 6
1 6 9
1 6 46
2 5 5
22 2 15
18 22 18
21 1 32
11 13 6
5 9 41
21 0 1
4 9 25
22 0 27
19 22 42
7 10 6
10 13 20
1 5 15
2 5 23
7 11 42
8 10 17
19 22 6
23 3 4
3 6 28
12 16 48
21 23 46
3 5 17
7 9 1
11 14 7
4 7 43
1 3 3
20 0 18
15 18 34
17 22 1
15 18 15
9 12 8
23 3 46
6 9 41
16 18 42
10 14 27
15 17 48
7 11 6
11 14 47
13 15 26
3 7 12
12 17 14
22 0 13
13 15 5
13 16 17
14 17 27
19 21 3
17 19 34
11 15 43
16 18 39
19 21 45
16 20 31
22 23 33
10 12 21
19 22 2
22 1 21
10 14 47
20 22 32
17 20 49
23 2 27
20 0 41
0 3 41
2 4 4
14 18 8
15 18 43
0 3 3
6 8 35
14 16 7
23 0 32
8 10 22
20 23 11
3 6 38
8 9 39
2 4 7
10 12 27
15 20 31
7 8 34
1 5 48
18 21 3
13 15 25
23 3 24
16 20 36
22 0 31
11 15 50
12 16 50
8 12 47
6 10 23
5 9 48
21 0 26
14 17 42
1 3 7
4 9 15
6 8 1
17 20 11
14 18 28
7 8 7
7 10 38
8 14 37
18 21 12
23 2 24
3 5 48
16 18 46
17 20 8
23 3 20
9 12 32
7 11 23
21 1 27
21 1 7
1 6 45
5 7 36
6 9 32
4 8 29
4 8 24
5 8 15
19 20 5
12 15 16
22 2 12
22 0 49
10 13 37
15 19 45
21 23 26
5 7 42
11 14 5
2 5 2
16 19 25
18 22 7
4 8 43
8 13 23
9 12 1
13 16 44
17 20 26
6 9 16
15 17 45
1 5 45
5 8 24
9 12 14
21 23 15
13 17 25
10 13 31
5 8 24
15 19 33
17 20 4
22 2 6
11 13 10
6 10 17
11 14 40
20 23 38
12 14 38
18 21 21
22 1 9
0 3 42
19 23 36
12 16 39
13 16 42
22 3 40
8 11 43
15 18 44
4 6 29
16 18 4
15 17 26
22 0 23
2 5 39
11 13 4
12 15 7
1 5 28
6 10 19
15 16 33
7 9 9
20 23 50
12 16 2
1 4 26
0 3 45
23 2 30
21 0 43
1 5 41
8 11 41
10 14 34
12 15 18
9 11 40
20 23 25
2 3 44
23 3 24
10 12 9
4 6 4
22 1 2
20 22 19
21 1 14
16 18 36
13 17 26
9 11 49
5 10 40
12 16 4
5 7 14
9 11 42
14 17 47
12 16 3
18 20 22
10 14 49
7 10 15
15 18 20
11 14 39
6 9 38
10 15 6
13 16 44
8 11 49
7 11 23
13 17 14
11 13 16
10 14 24
16 19 13
20 23 43
5 7 16
9 11 41
13 17 4
23 5 21
0 3 44
1 3 48
13 17 7
13 16 36
1 5 50
11 13 32
0 4 10
22 3 8
4 8 35
10 14 16
7 10 24
16 19 49
21 0 38
14 15 2
7 10 12
0 4 33
1 4 2
14 17 22
21 23 2
18 20 38
11 15 20
7 10 15
8 11 10
20 23 39
11 13 20
11 14 3
1 4 45
21 0 37
14 18 42
4 7 36
19 21 10
20 22 29
21 0 12
23 2 23
18 22 46
11 14 35
17 20 25
1 3 11
1 3 24
12 15 35
5 9 10
23 2 14
22 2 23
0 3 40
22 1 12
8 11 19
4 7 1
4 6 44
7 11 36
12 16 39
13 16 24
22 0 14
21 0 42
10 13 43
8 12 3
20 0 4
19 22 19
18 22 27
2 6 33
23 2 35
1 3 47
8 12 3
3 6 29
21 0 41
11 12 36
5 9 38
23 2 14
11 14 31
22 2 33
13 14 33
18 21 1
18 0 2
17 20 5
7 9 11
16 20 3
5 7 37
17 19 43
3 5 32
3 7 33
9 11 28
4 7 30
15 19 25
3 6 46
0 4 50
11 13 13
5 9 9
3 6 45
9 13 7
20 23 4
9 11 49
4 8 34
19 23 21
20 23 26
23 3 43
2 6 42
10 12 9
13 14 23
20 22 44
17 20 42
11 15 16
9 12 15
6 8 47
10 14 40
8 12 6
9 12 32
10 13 20
6 8 32
10 14 48
16 20 36
4 7 18
0 3 17
23 2 24
7 10 40
4 8 14
6 9 4
22 3 1
11 14 19
8 11 49
15 17 23
2 4 10
5 8 8
18 22 21
7 11 18
1 5 48
5 8 34
6 9 12
8 12 9
18 21 33
22 1 27
11 15 12
13 17 6
11 14 16
10 13 42
21 1 29
10 14 26
11 14 44
16 18 7
2 4 33
19 21 33
6 8 32
10 12 44
6 8 31
20 22 43
13 17 22
21 23 1
3 7 2
1 5 2
6 10 31
3 6 38
16 18 7
12 14 44
23 1 48
12 16 13
12 15 38
9 11 13
6 10 7
22 1 7
2 3 11
11 14 32
12 15 2
8 12 29
6 9 29
22 2 19
20 1 9
15 20 46
1 4 14
14 17 25
17 22 27
7 10 49
7 10 12
8 10 15
1 4 11
11 16 12
7 10 42
18 20 46
10 13 5
11 14 18
13 16 21
7 9 49
20 0 14
23 4 26
18 20 28
21 1 14
9 13 39
11 13 10
19 21 12
3 7 23
7 10 28
14 16 38
19 23 13
1 4 34
20 0 29
12 16 49
19 23 39
18 22 14
2 5 38
16 20 13
6 9 33
14 17 26
5 8 44
9 13 13
13 14 1
19 21 44
8 11 39
21 0 42
20 22 34
11 12 31
23 2 20
4 6 27
18 20 25
1 2 2
11 13 27
14 18 11
10 11 3
0 4 16
21 23 8
12 15 37
22 1 13
12 14 45
6 9 23
2 5 10
18 20 36
18 20 35
7 10 15
19 22 43
20 0 38
3 7 5
9 12 42
4 8 10
2 4 32
21 1 14
15 18 47
10 12 15
4 8 8
16 18 48
10 13 14
9 13 35
2 6 35
21 23 9
1 5 13
6 8 45
1 5 41
20 0 17
7 11 17
17 19 43
0 3 31
5 7 12
2 5 41
15 20 49
23 4 33
12 14 26
16 20 25
8 9 46
10 14 7
7 10 20
3 6 18
22 23 1
9 10 45
2 6 28
2 4 23
6 9 11
4 7 16
17 20 2
23 2 10
16 18 9
2 6 44
17 19 1
5 6 34
18 21 16
21 23 20
8 11 12
1 3 47
7 10 33
23 2 40
4 7 40
13 15 10
7 11 36
18 22 18
23 1 31
20 23 38
19 22 45
0 4 40
15 17 26
5 9 31
6 9 14
7 9 12
5 6 34
15 18 14
3 5 26
23 3 33
9 11 24
4 8 9
21 1 48
15 19 46
10 14 17
11 13 29
12 17 31
7 10 17
19 23 33
11 14 15
3 5 20
20 23 41
3 4 36
6 10 37
23 2 33
0 4 4
19 23 3
15 17 37
17 21 32
17 20 7
0 1 16
4 8 31
7 10 35
6 9 25
0 4 45
3 7 14
12 15 19
1 4 27
9 13 16
19 22 47
0 3 1
4 7 47
22 1 35
18 22 12
7 10 20
20 23 34
5 9 21
0 3 38
7 10 29
6 10 13
20 23 35
5 9 22
16 18 17
16 19 15
23 2 10
1 5 16
17 20 43
5 9 1
2 5 10
17 20 7
2 4 8
6 10 1
22 1 14
18 20 45
8 11 20
16 20 14
9 12 25
7 9 27
15 17 40
22 2 3
4 7 15
2 5 11
17 20 16
17 22 37
15 16 14
2 5 38
5 7 19
15 19 11
1 3 40
23 4 45
7 11 21
5 9 25
15 18 34
19 1 37
12 15 10
4 6 19
0 3 25
9 13 9
10 14 7
8 11 33
6 8 34
1 4 33
3 5 43
5 7 31
20 21 33
19 20 43
12 14 24
13 16 36
19 22 39
6 9 33
0 5 43
3 5 5
20 23 30
15 17 18
12 15 21
6 9 49
2 6 13
23 2 20
5 7 13
3 5 5
3 7 37
16 18 17
13 17 36
21 1 19
3 6 21
5 8 10
10 15 8
1 3 8
16 18 6
3 6 16
10 13 38
11 15 13
7 11 37
13 17 9
19 22 47
0 2 28
5 8 13
5 8 5
11 14 23
10 16 15
13 15 23
1 3 46
17 20 6
9 11 23
23 2 31
5 6 1
17 19 2
16 20 42
10 12 31
0 3 44
0 6 37
9 10 50
23 0 11
0 2 25
2 3 45
18 22 29
5 9 42
15 16 43
5 7 5
10 13 19
18 19 34
19 22 28
8 10 25
11 13 29
2 5 10
11 12 32
5 8 44
10 12 45
12 14 29
9 12 16
0 5 43
11 14 10
10 13 31
3 7 29
18 21 36
8 10 30
18 23 38
14 15 11
19 22 1
3 6 42
12 15 50
16 19 23
6 9 34
11 15 30
22 2 41
23 4 38
2 6 13
3 6 38
10 13 15
8 12 33
14 18 29
9 11 32
17 19 21
20 22 17
18 20 38
8 11 46
18 21 38
10 15 11
6 8 27
16 19 47
