1400 50
3 39 46 35 29 25 16 35 29 37 14 23 33 26 21 14 21 48 33 15 48 34 31 17 47 31 19 7 7 15 33 27 22 40 49 1 30 31 23 1 13 37 37 37 10 13 33 16 50 29 
19 22 31
9 13 40
11 14 18
14 18 5
0 4 35
14 16 16
15 17 19
21 1 49
17 19 6
10 13 42
18 20 44
19 21 35
22 1 34
16 18 44
6 8 44
8 11 27
23 2 41
17 21 45
18 20 43
14 17 45
23 3 24
23 1 6
14 19 6
12 15 41
0 3 26
9 11 22
11 14 30
4 9 26
13 17 31
21 1 21
5 7 30
14 16 6
3 5 19
17 21 45
9 14 35
13 17 24
3 5 3
3 5 41
12 16 47
1 4 30
1 5 23
0 3 5
17 21 17
15 17 28
23 2 46
8 12 1
14 17 25
3 5 2
4 9 34
18 22 1
16 19 33
19 20 17
6 10 1
23 2 34
9 12 12
23 2 30
15 18 43
12 15 35
6 9 24
17 20 42
9 12 44
1 2 27
2 5 33
10 12 24
4 6 9
6 8 10
1 2 39
15 17 6
23 2 9
18 21 42
10 11 35
0 3 31
8 9 21
22 23 22
18 20 21
12 16 50
22 1 17
15 18 23
12 15 43
19 22 26
10 13 1
20 23 27
11 14 1
18 21 2
22 2 26
12 15 4
11 15 33
21 23 46
14 17 24
10 14 13
23 3 34
3 5 47
9 11 12
1 3 20
16 22 9
11 14 5
3 7 2
8 12 43
7 11 33
18 22 1
3 6 22
14 17 48
21 1 6
7 8 3
18 21 33
6 10 26
7 11 28
4 7 12
8 12 11
5 7 37
23 1 47
4 7 14
7 10 6
13 15 24
19 0 16
22 1 17
12 15 37
5 8 4
8 11 10
16 20 38
14 17 21
13 15 27
11 13 41
21 0 49
21 0 33
14 17 33
18 20 42
8 10 47
5 7 30
17 20 46
16 20 7
1 5 11
6 9 48
6 8 12
9 11 18
5 7 14
9 13 4
16 18 39
20 23 24
1 5 29
20 0 31
11 14 1
6 7 27
11 13 34
14 18 39
13 14 49
20 22 28
2 6 48
17 19 15
13 16 8
10 14 4
3 7 32
6 9 32
18 21 20
2 5 39
16 19 32
22 1 19
9 11 12
10 13 12
3 6 47
17 20 19
17 19 45
22 1 4
10 13 42
20 22 36
0 2 9
2 5 13
0 4 27
19 22 41
23 2 2
5 7 30
9 11 23
16 19 27
7 12 18
11 13 41
19 22 14
0 3 16
13 16 31
16 18 18
4 6 16
15 17 13
8 10 41
10 14 24
8 10 20
6 9 2
14 16 46
7 10 11
3 7 8
9 11 23
20 1 12
1 4 34
1 5 50
18 20 22
16 21 34
20 23 24
19 21 6
0 2 2
18 20 49
23 4 34
15 19 48
18 21 48
12 14 7
22 1 12
15 18 33
9 13 21
20 22 9
12 15 9
8 11 21
20 23 24
2 4 2
4 6 27
1 4 7
1 3 13
19 23 8
21 23 22
8 12 14
21 0 16
17 21 42
5 8 15
14 18 27
4 7 36
5 9 33
19 22 50
9 12 43
21 23 23
21 23 29
19 21 29
13 17 36
21 0 21
16 20 3
3 7 36
4 7 31
21 1 7
10 12 28
16 18 48
16 18 41
3 5 24
7 12 30
1 5 18
18 20 27
9 11 36
3 6 39
12 16 30
5 8 30
17 21 14
9 13 4
13 18 38
8 11 35
20 0 36
4 7 47
1 4 29
21 23 42
0 4 38
5 7 15
3 8 1
19 22 28
23 3 24
21 23 10
16 20 41
7 9 10
14 17 36
10 13 49
13 16 22
22 1 21
21 1 17
14 17 40
19 22 23
3 6 16
13 14 2
9 11 43
0 3 21
5 8 46
10 13 4
8 14 30
9 12 50
6 9 31
20 22 44
4 8 44
20 23 12
5 9 28
1 4 37
20 0 12
15 17 6
20 1 37
7 10 33
19 21 14
13 18 24
11 14 17
8 12 46
13 17 31
6 9 15
20 23 50
13 16 37
5 9 13
14 18 49
17 20 24
8 11 13
0 5 27
4 7 10
12 14 2
12 14 41
4 6 45
10 13 21
14 17 28
13 16 30
17 20 9
9 13 17
21 2 42
14 18 11
7 10 25
11 14 10
5 7 20
13 17 20
2 5 34
3 6 45
13 15 10
9 13 10
19 23 31
1 4 48
1 3 4
2 5 2
17 20 25
4 7 26
8 12 23
19 22 21
19 21 21
9 10 7
12 13 35
0 3 7
2 5 39
22 0 10
22 1 11
11 15 41
11 17 8
9 13 47
15 19 3
2 6 45
4 6 49
12 14 22
6 7 30
18 21 7
0 2 29
3 5 6
8 8 3
4 6 4
17 20 12
20 0 8
0 4 23
4 8 38
22 1 25
5 7 36
15 16 22
5 10 24
15 17 17
18 22 23
5 8 42
12 15 32
13 15 3
2 6 50
3 7 42
6 8 28
13 16 17
23 2 17
17 19 26
12 14 9
1 5 1
15 18 15
6 11 45
0 3 22
22 1 41
9 11 29
5 8 10
18 20 25
8 11 11
14 17 9
0 3 31
16 19 10
2 6 16
10 12 43
7 9 39
22 1 12
17 20 49
20 22 15
10 13 4
16 19 35
22 1 6
17 20 47
17 21 49
7 11 6
4 6 16
15 18 10
6 8 34
14 18 8
7 11 17
5 7 5
16 17 44
1 4 20
13 15 30
7 10 32
10 13 36
20 23 12
18 21 39
0 1 29
9 12 19
13 16 41
20 22 49
1 3 2
14 16 21
17 20 20
8 10 1
8 11 17
10 15 31
19 21 23
15 17 8
17 20 10
1 5 8
4 5 19
7 10 18
5 8 29
13 14 1
18 20 22
13 16 39
1 5 33
18 22 8
12 16 13
13 17 39
8 11 5
10 13 9
5 7 39
1 5 48
18 21 25
15 19 3
15 17 6
16 20 3
3 5 33
2 4 39
10 12 21
12 14 46
7 9 39
3 7 32
18 20 15
0 4 3
6 8 44
15 19 50
2 5 20
1 4 35
2 4 18
4 7 1
2 5 10
11 14 4
20 0 50
15 19 41
23 2 46
10 12 48
16 18 31
20 0 37
5 8 4
22 1 11
23 1 13
12 14 32
2 6 6
15 19 28
2 5 44
18 20 34
13 16 45
3 8 26
0 2 21
13 14 33
23 3 50
22 23 44
19 20 37
16 18 2
18 20 37
3 6 10
3 6 17
10 14 45
4 6 32
18 20 3
4 7 39
3 5 46
20 0 1
11 16 27
17 19 18
13 15 17
0 3 38
9 14 7
0 2 19
16 20 43
15 16 31
8 11 18
2 6 33
14 16 29
11 14 49
11 12 41
15 18 8
18 22 46
16 22 35
20 23 41
16 19 21
7 11 37
8 12 18
19 22 22
11 14 5
1 6 23
2 4 20
13 15 3
12 15 21
21 23 3
15 18 43
8 11 17
16 20 14
6 7 24
9 11 36
19 0 25
1 6 28
0 3 16
10 14 29
8 9 8
1 3 44
1 4 22
18 20 34
6 7 9
5 9 44
22 2 24
9 10 27
20 22 23
5 9 19
8 13 29
16 19 25
14 17 22
18 20 3
19 0 10
22 1 2
8 11 27
2 6 6
14 16 25
8 12 45
0 1 23
20 23 24
14 17 45
19 23 42
17 19 28
8 11 17
0 5 30
3 5 9
13 15 39
6 9 4
15 19 34
19 22 10
7 11 3
21 0 11
15 19 39
23 3 47
19 21 42
6 9 16
22 4 44
23 3 5
14 18 46
18 21 19
3 6 25
1 5 13
20 23 31
7 11 49
16 16 11
6 9 40
6 10 12
14 19 48
20 23 49
13 15 1
11 13 46
6 9 10
20 23 44
13 17 1
21 0 29
23 2 3
2 6 44
21 0 42
13 17 28
13 17 26
3 5 23
22 23 48
3 7 48
13 16 19
13 15 8
5 8 20
3 6 50
9 13 23
6 8 50
7 11 23
9 12 28
21 1 44
11 14 32
7 10 27
19 22 27
22 1 25
0 3 33
10 13 30
0 3 14
17 19 6
14 18 13
4 7 43
7 11 37
0 3 27
11 15 24
21 1 37
0 3 9
0 2 39
4 7 47
13 18 14
10 11 14
22 1 49
18 20 36
12 15 46
23 2 11
16 19 9
0 2 9
11 15 24
10 14 43
5 9 5
1 5 36
15 18 1
0 3 12
0 4 50
2 4 14
14 18 38
5 9 45
10 13 47
12 15 49
5 10 39
4 8 13
2 3 45
12 14 45
11 13 6
4 10 48
18 19 23
4 8 44
1 4 41
23 3 44
22 0 20
5 7 35
8 12 33
22 2 23
23 1 40
20 0 10
11 13 18
6 10 19
18 22 6
15 20 35
2 6 1
5 11 1
18 22 36
11 14 15
7 12 30
12 16 24
17 21 30
20 1 44
23 2 39
18 20 10
16 18 6
10 14 48
22 1 17
0 3 37
1 4 42
2 5 27
11 16 38
15 18 6
14 15 47
18 22 49
0 3 45
6 9 15
6 9 28
18 19 4
5 9 7
23 3 18
14 16 4
9 11 33
15 17 38
5 8 16
11 15 8
12 13 28
6 11 35
8 11 10
20 23 19
10 13 41
19 21 48
0 4 7
22 0 49
13 16 44
12 15 7
13 15 31
9 12 22
13 17 10
12 15 37
7 9 44
17 18 24
14 17 5
11 15 25
7 11 16
11 15 11
4 6 31
5 7 47
10 14 26
16 22 25
10 12 2
9 12 15
1 3 24
7 10 23
0 4 19
23 3 21
7 10 37
11 14 49
5 9 42
5 8 20
21 1 8
18 21 11
5 8 37
0 3 5
19 20 33
20 23 26
14 17 6
0 4 43
21 23 5
1 4 28
5 9 40
3 5 24
9 11 6
10 12 21
11 16 28
12 16 35
20 22 5
3 6 24
1 5 10
11 15 39
5 8 39
6 8 22
20 0 23
19 22 17
16 19 16
9 14 17
14 18 11
7 10 46
4 5 34
5 8 9
5 9 33
5 7 50
15 18 25
0 2 15
0 3 15
21 23 49
11 16 31
8 11 27
15 17 43
12 16 5
23 2 34
23 3 29
12 14 10
11 14 45
1 5 15
20 1 1
11 13 35
0 2 13
2 5 37
7 10 18
0 4 12
20 22 3
20 0 2
23 3 25
3 8 26
8 12 19
7 8 1
17 20 38
13 17 16
18 21 2
15 16 31
9 14 18
1 3 23
17 20 23
4 6 6
21 23 3
11 14 48
14 14 15
20 1 16
3 6 11
13 16 30
3 5 17
9 13 5
18 21 49
7 10 7
21 23 21
1 3 12
20 0 14
18 21 25
5 7 41
10 12 47
15 20 46
1 4 25
10 12 23
21 0 25
8 10 43
21 1 44
7 11 10
0 4 38
13 16 31
22 2 50
18 22 37
18 21 11
11 15 14
1 4 38
22 1 21
20 1 46
2 5 42
4 9 8
1 3 15
21 1 22
3 7 38
18 21 20
13 17 50
19 21 40
18 20 29
11 15 40
5 7 49
2 6 44
11 14 50
11 11 28
17 20 14
14 16 21
1 5 7
10 11 33
4 7 16
11 13 1
19 21 38
14 18 49
16 18 35
21 23 2
16 22 28
17 23 35
8 12 42
14 16 36
16 20 12
1 3 34
20 0 22
15 17 20
7 9 48
7 9 19
9 12 37
14 16 48
21 0 28
8 12 29
19 21 27
13 17 34
8 11 14
5 8 23
15 18 39
3 7 50
7 10 17
18 21 3
6 10 29
6 9 13
21 0 20
6 8 16
17 19 45
6 8 20
22 1 5
1 4 22
20 22 16
20 23 29
4 6 16
22 1 40
22 2 5
1 4 43
21 23 9
3 8 23
3 6 4
22 1 20
11 13 4
11 13 6
12 15 2
20 23 16
21 22 25
21 3 30
17 20 21
18 22 26
22 2 21
9 13 50
16 18 7
1 4 49
15 18 6
2 5 4
13 16 29
6 8 9
10 14 31
18 21 35
6 9 45
13 15 37
20 23 1
21 1 49
23 2 4
4 8 44
8 12 26
17 20 36
0 3 44
12 14 34
4 4 43
18 21 22
20 21 26
13 15 36
16 21 37
15 19 44
14 15 48
22 1 11
21 23 35
2 6 38
18 20 9
9 12 38
14 15 7
16 19 17
8 12 17
2 5 23
7 9 46
12 15 43
3 7 39
2 6 31
8 12 18
11 14 14
1 3 33
18 22 34
5 9 18
22 3 15
21 0 22
12 15 14
20 0 11
21 23 24
16 21 16
15 16 1
14 18 37
15 18 22
1 6 19
20 0 30
23 1 8
10 14 7
17 21 12
1 6 44
8 10 26
6 9 25
2 6 2
7 10 43
21 0 36
21 0 32
8 11 9
23 2 35
1 5 7
13 15 40
18 21 48
17 18 26
0 2 19
14 17 11
15 17 5
11 13 20
10 12 22
11 14 45
15 19 12
16 19 12
10 12 20
0 3 41
5 7 34
21 0 26
3 5 12
6 10 7
13 13 2
2 6 6
22 2 5
16 19 40
0 2 39
17 19 47
10 11 12
11 14 18
17 19 32
4 8 33
11 15 18
0 2 18
16 19 35
4 6 31
18 21 24
10 12 30
15 17 29
11 16 17
19 23 20
4 7 24
23 1 46
4 7 28
11 14 29
0 4 33
1 6 44
10 14 46
19 20 37
9 12 11
13 17 22
19 22 14
2 5 10
12 16 41
3 6 2
4 7 25
2 5 9
9 13 9
1 5 43
5 9 14
18 22 15
2 6 37
7 10 26
2 6 12
9 13 4
16 18 45
16 17 47
9 11 5
15 18 33
5 8 7
1 2 9
1 4 39
5 9 8
21 23 25
18 21 21
17 22 39
12 16 30
3 7 18
23 1 25
21 23 42
15 18 26
19 22 36
17 20 34
13 17 36
12 15 4
17 19 44
17 20 46
21 23 40
9 12 43
16 19 8
6 8 48
19 21 43
7 11 1
23 2 5
0 2 29
9 11 1
21 0 22
5 9 47
1 3 9
22 23 34
19 23 2
21 23 17
10 13 43
18 21 12
8 10 31
7 10 37
20 22 49
8 12 18
4 6 10
17 20 3
16 20 45
11 14 15
15 17 25
2 5 27
21 23 28
18 21 13
9 11 42
11 14 47
5 9 15
23 3 4
4 6 29
8 11 1
5 7 7
1 5 8
4 7 42
0 2 12
20 22 18
19 21 16
11 14 6
21 1 47
4 8 24
11 14 35
10 13 37
12 15 15
13 15 23
17 20 38
8 11 13
12 14 23
14 17 15
20 23 34
17 19 13
18 18 22
16 19 33
11 14 37
20 21 40
4 7 22
10 12 8
10 12 26
14 18 43
4 7 18
11 13 20
13 17 12
23 3 4
16 18 34
22 1 11
1 4 25
11 14 4
17 19 41
13 16 10
14 18 6
10 14 6
19 20 31
7 10 23
0 2 16
17 21 37
21 0 22
18 21 19
8 10 6
11 15 29
5 9 10
21 0 35
23 3 47
23 1 30
12 15 16
19 22 38
16 18 34
9 14 47
16 20 40
10 14 7
13 17 18
1 3 16
13 17 31
10 13 28
12 15 11
3 7 45
10 11 24
21 1 22
5 8 21
7 10 31
12 15 6
4 8 34
12 15 12
4 7 37
10 13 38
22 2 5
2 6 11
14 16 33
15 18 32
8 12 35
17 21 26
19 21 46
11 13 7
3 6 46
17 21 33
22 0 24
10 11 45
7 9 40
1 3 2
23 2 21
19 21 28
20 22 30
13 17 35
8 12 33
11 14 8
4 6 34
2 6 31
0 3 48
20 0 32
5 8 35
8 10 22
8 11 40
11 13 35
0 3 49
9 11 30
15 18 41
8 10 33
22 1 46
0 5 24
22 2 22
18 21 11
9 12 2
22 1 6
16 20 2
5 9 30
21 0 44
9 13 26
13 16 42
23 1 8
14 20 7
19 23 35
7 8 24
10 14 32
1 4 41
10 12 7
13 17 21
11 14 16
13 14 31
14 18 16
4 5 26
22 23 12
4 7 50
16 17 49
23 1 39
17 20 8
11 13 49
14 18 39
13 14 18
2 4 2
9 11 14
7 10 14
8 11 25
12 14 41
10 12 44
18 21 4
18 21 47
10 11 15
19 23 46
20 0 7
12 13 32
11 15 13
11 14 23
16 19 30
22 1 18
0 3 13
3 6 25
22 2 28
6 8 7
17 21 28
2 6 29
4 7 2
3 6 44
5 8 17
19 21 36
2 4 5
16 18 37
22 2 2
4 8 2
13 16 32
4 7 13
13 16 9
6 8 29
10 15 16
4 8 44
11 13 18
17 21 26
19 22 36
23 3 37
17 21 26
13 16 20
21 23 36
9 13 22
7 11 47
22 1 4
15 16 10
5 9 37
22 0 30
15 18 28
6 10 41
9 11 32
0 2 20
10 13 49
5 8 24
3 7 42
2 6 17
20 20 31
18 22 1
20 22 8
20 0 20
11 15 30
11 15 5
17 21 35
23 0 19
5 8 8
16 19 16
22 1 21
0 3 48
23 2 8
3 8 8
21 0 18
0 4 7
16 19 4
10 15 40
17 18 22
1 5 44
23 4 38
2 5 46
23 1 8
0 4 34
11 15 24
14 17 28
20 0 30
6 10 34
9 11 32
3 6 29
3 8 12
21 23 12
7 9 2
0 4 33
9 13 4
14 17 29
3 5 27
19 23 29
4 7 18
4 8 19
21 1 44
13 14 14
18 0 37
8 11 14
15 17 23
4 8 36
8 11 31
14 17 40
18 21 13
4 8 17
13 18 42
0 3 5
19 23 34
4 8 11
14 16 49
14 19 47
23 1 8
18 22 27
16 19 44
9 13 32
11 14 11
10 13 33
19 23 40
14 18 6
5 9 14
23 1 33
7 8 50
7 9 27
17 21 7
21 0 48
15 18 35
15 16 4
20 23 50
6 9 6
23 3 16
21 0 1
13 17 45
1 4 6
3 5 22
7 9 18
14 17 20
14 17 20
7 10 15
12 15 33
16 18 15
20 22 41
19 23 35
13 16 45
13 15 35
17 21 6
17 21 6
14 19 48
17 19 45
4 5 22
15 18 6
6 10 30
12 16 21
21 2 6
6 8 46
4 6 43
19 22 35
7 11 21
13 14 21
11 14 39
22 0 33
18 20 32
10 14 18
0 3 27
14 17 35
12 16 22
17 21 10
7 10 50
8 12 47
1 4 50
6 6 46
21 0 22
16 18 27
16 20 48
16 19 5
0 2 4
6 10 40
21 23 2
9 13 43
5 8 4
12 14 2
18 22 29
19 23 39
9 13 8
20 23 10
21 23 37
10 12 27
9 11 37
12 15 31
5 8 22
23 2 50
14 16 44
0 3 26
5 9 33
7 10 25
17 22 20
