1300 70
21 54 41 6 47 62 16 66 67 69 10 61 56 27 10 36 32 11 53 6 39 31 19 1 38 16 46 3 65 49 70 16 15 6 27 9 51 1 44 35 38 30 26 70 54 51 22 64 24 7 14 51 20 12 48 9 62 16 9 49 19 28 45 65 3 30 16 48 38 19 
0 3 25
13 16 3
0 3 59
1 2 6
23 1 64
8 10 19
4 6 70
20 23 27
1 4 19
17 20 69
17 20 6
10 14 4
1 3 41
6 9 52
0 2 47
16 19 47
2 5 9
16 18 42
5 8 53
20 22 31
16 20 27
7 12 34
19 21 35
1 5 16
12 14 32
8 12 23
19 0 58
5 9 5
7 9 51
0 3 52
22 0 44
20 0 33
10 12 18
7 9 60
13 16 1
9 12 6
19 23 57
14 17 17
9 11 31
6 6 53
18 20 34
21 23 54
6 9 31
10 13 36
14 17 60
17 20 68
9 14 17
1 4 24
17 20 14
7 12 46
10 13 16
13 17 40
11 14 2
6 9 2
18 20 21
6 9 20
2 3 64
22 0 19
19 22 50
22 1 57
5 6 29
20 0 3
1 3 26
13 16 19
4 6 44
2 5 3
18 23 65
4 7 52
14 17 16
4 9 19
9 12 26
3 6 59
3 5 39
8 11 17
21 1 47
12 17 14
8 12 63
21 23 41
1 4 43
2 4 8
6 9 62
0 2 67
1 5 26
7 11 36
1 5 58
9 12 59
6 9 58
14 19 5
4 6 7
18 21 37
21 0 4
20 23 9
10 15 22
6 9 57
17 21 34
17 20 48
4 5 70
0 1 55
8 11 43
1 3 53
23 0 39
9 11 15
12 16 39
8 9 51
13 18 59
5 10 15
6 7 61
6 10 33
18 20 21
8 11 50
19 21 7
22 0 41
3 6 69
15 18 46
11 16 2
16 20 1
22 23 5
12 13 67
8 10 60
16 19 33
18 22 20
22 1 45
10 12 18
11 13 33
3 7 57
2 5 55
18 20 41
21 0 54
8 11 36
11 16 10
16 19 54
16 18 53
17 20 24
9 12 39
17 20 23
12 15 34
14 16 4
2 5 61
22 1 68
19 23 10
13 16 58
0 4 70
12 13 55
10 13 51
12 14 9
15 20 17
11 14 57
20 22 27
19 21 68
3 5 33
12 14 52
13 15 40
17 21 63
3 6 46
17 21 29
4 7 28
20 0 8
22 2 66
4 6 39
1 4 30
0 3 62
14 16 28
15 18 70
11 13 26
3 5 42
3 5 26
18 19 64
8 10 66
12 13 65
14 16 68
13 15 37
18 21 5
20 1 70
19 22 25
21 0 17
22 0 48
20 21 49
5 9 18
14 18 45
17 21 8
23 3 31
0 2 48
22 2 48
19 20 27
10 13 54
2 4 23
20 0 30
22 0 45
10 14 19
23 1 50
6 10 9
2 5 34
8 11 41
23 5 15
18 21 13
18 20 62
18 20 42
1 2 61
9 13 11
14 16 5
21 23 15
12 15 63
8 11 2
11 13 53
17 18 69
9 13 47
12 16 28
12 17 65
18 21 11
4 6 38
21 0 32
13 15 54
16 18 25
2 5 64
18 22 52
22 2 43
21 23 5
16 18 64
18 22 5
18 23 66
22 23 33
6 8 27
2 5 43
13 16 33
6 11 66
7 9 29
9 11 63
6 8 17
2 5 68
7 12 67
1 4 67
18 21 49
14 18 42
1 5 7
17 21 65
20 1 20
16 19 56
0 2 37
13 16 51
8 11 1
11 15 26
16 18 55
5 10 8
14 18 38
14 16 38
6 10 62
20 22 47
20 0 23
18 22 49
22 0 42
15 18 7
16 20 58
0 4 69
14 17 41
8 10 18
10 13 40
2 6 23
12 14 58
17 20 36
8 11 19
0 4 46
22 2 36
13 15 58
10 13 62
3 6 40
20 22 7
5 8 46
9 13 18
2 5 49
18 23 4
23 2 14
1 3 48
1 2 4
17 21 70
15 18 40
20 0 44
5 7 69
5 10 23
19 22 25
2 5 5
9 12 56
21 0 34
14 15 19
3 6 39
15 17 30
4 7 56
5 7 49
23 3 25
8 11 28
1 3 2
23 3 57
21 0 57
12 15 46
1 3 43
23 3 36
3 7 29
22 1 66
23 3 35
11 13 31
21 23 16
3 5 65
23 2 60
15 18 28
0 3 34
9 13 67
2 4 65
23 2 5
20 22 35
23 2 63
16 18 60
3 5 48
23 2 61
21 23 30
8 10 39
18 22 7
2 5 11
20 23 10
9 12 52
8 11 5
22 3 12
19 23 19
9 12 12
23 2 52
8 11 62
5 8 34
18 22 47
11 14 32
22 23 65
14 17 14
21 22 39
9 12 65
11 13 47
6 10 64
23 1 35
15 16 67
22 0 33
10 13 70
8 11 33
2 5 52
4 7 24
1 3 46
14 18 13
0 2 27
18 23 37
16 19 6
20 21 15
22 0 11
19 22 22
2 5 52
6 10 11
13 16 48
7 10 20
1 4 37
1 4 2
14 18 3
12 14 29
19 20 69
9 14 63
13 16 55
12 14 62
0 3 19
18 22 13
10 12 44
2 7 30
10 13 54
17 20 13
9 12 21
10 13 45
18 20 40
1 5 14
4 6 36
2 3 53
8 10 15
11 14 34
16 18 35
8 9 8
4 6 56
7 10 13
18 21 35
11 15 40
3 7 27
2 5 34
14 16 12
23 2 16
20 22 68
17 20 21
5 9 50
1 2 22
7 10 39
20 23 46
0 4 69
18 20 37
6 11 8
12 15 34
3 6 34
17 19 30
16 18 42
11 13 24
17 20 3
9 12 57
22 0 3
22 1 53
11 15 4
20 1 32
14 18 17
22 1 51
9 13 31
7 12 3
9 12 36
9 12 64
9 12 67
14 17 21
23 0 14
20 23 5
23 1 25
15 18 33
5 6 19
1 5 54
11 14 7
20 0 41
7 12 65
22 0 34
8 12 2
0 2 64
9 14 44
0 4 13
10 12 10
8 11 70
13 17 31
7 10 44
11 13 49
5 7 53
23 2 3
7 13 7
14 17 40
21 23 19
9 12 16
8 11 26
9 13 6
21 1 12
3 5 35
22 1 34
15 17 6
7 11 42
8 11 26
5 8 25
7 10 32
0 3 59
0 5 68
20 22 4
1 6 55
3 5 36
2 6 57
3 7 14
7 10 57
14 16 33
4 8 56
19 21 22
14 16 26
4 6 37
8 11 55
9 12 55
3 5 43
1 4 54
17 22 25
6 9 65
2 5 62
7 9 29
3 6 48
1 4 56
22 2 50
10 14 52
0 2 68
16 20 61
3 7 12
3 7 42
5 7 26
11 15 48
21 2 66
8 12 52
4 8 56
6 8 5
15 20 52
10 13 10
6 9 37
10 14 51
6 9 29
19 22 36
5 8 46
5 10 35
11 14 20
19 23 46
21 0 59
9 10 62
12 14 30
22 1 18
0 4 28
19 23 45
5 7 52
17 22 60
23 1 41
15 18 38
16 19 24
7 10 10
6 8 15
15 18 26
14 18 38
22 2 68
7 10 4
7 9 62
13 15 2
2 4 69
18 19 17
0 3 49
12 15 21
4 7 68
18 22 12
21 0 67
14 18 38
15 16 25
5 7 48
22 23 49
23 4 33
18 22 12
17 20 69
11 14 48
5 9 57
8 11 37
4 7 41
6 9 2
17 21 36
1 5 34
4 8 54
7 10 54
8 11 41
15 19 34
2 4 70
4 7 10
20 22 66
7 10 27
6 9 52
8 10 5
8 11 61
11 14 52
22 0 65
16 18 28
0 4 62
14 17 31
18 21 41
10 12 53
15 18 60
0 4 3
5 8 53
3 5 9
17 20 19
22 0 66
9 10 3
6 8 51
10 14 42
17 20 67
3 6 64
8 10 11
11 15 26
1 5 47
20 23 37
11 12 65
6 10 1
8 11 48
10 14 30
2 4 27
14 19 38
21 0 42
13 16 36
19 23 50
0 3 42
7 9 31
18 21 37
2 7 20
11 13 65
8 11 19
3 7 5
6 10 62
0 2 65
11 14 48
18 21 63
23 1 14
21 22 18
8 11 19
22 2 56
7 10 24
14 17 32
10 13 35
11 15 44
5 8 21
5 9 34
6 9 56
2 6 56
21 1 52
16 19 17
9 12 34
10 12 51
16 21 21
0 2 36
10 13 15
14 17 17
7 10 29
18 20 3
20 22 15
1 4 7
10 14 14
9 14 56
15 19 58
10 14 33
20 23 57
11 15 26
2 6 20
10 14 29
17 20 5
6 10 52
10 13 34
15 16 60
5 9 67
7 10 23
12 17 19
23 1 44
11 14 66
21 2 13
20 23 55
14 17 36
2 4 65
14 18 58
10 13 1
7 10 10
23 2 9
11 14 40
17 20 49
6 8 7
7 11 6
10 10 47
12 14 1
2 3 15
19 22 60
0 3 63
19 22 54
14 17 11
6 8 9
0 3 1
21 23 1
21 2 45
15 18 47
16 20 13
22 23 47
6 10 1
15 18 28
19 20 49
20 22 13
7 10 15
2 6 1
7 11 38
3 8 15
6 10 25
8 11 30
16 19 44
19 23 1
13 15 37
17 20 2
10 12 5
10 15 65
11 13 41
20 0 67
16 18 52
2 6 15
13 16 37
5 8 7
19 20 14
2 5 10
13 14 22
0 4 4
20 0 53
3 6 23
10 12 57
0 3 31
12 14 15
6 9 59
22 0 43
4 6 36
21 1 33
19 22 39
10 12 13
12 14 10
12 16 60
21 1 23
6 8 69
8 12 44
14 15 17
5 9 31
3 5 47
23 1 60
17 20 9
10 15 10
10 10 16
16 17 67
16 18 6
20 22 51
21 0 69
8 11 6
22 2 28
13 15 47
7 12 2
13 16 17
8 11 8
15 19 27
22 2 37
16 20 50
14 16 26
14 18 69
20 23 48
2 2 31
11 15 24
9 12 2
13 16 13
8 10 42
22 3 39
12 14 45
17 21 70
23 2 64
23 2 16
16 17 46
21 1 7
1 4 39
20 22 43
17 20 3
2 5 4
4 6 11
21 23 69
1 5 1
6 10 23
14 17 50
6 9 10
0 2 16
4 8 68
13 18 19
13 16 19
12 15 7
9 13 44
6 8 6
4 6 42
8 11 26
1 4 62
11 13 40
16 18 69
16 19 48
9 13 54
9 11 34
10 12 14
2 6 45
10 13 69
0 2 35
13 17 37
0 2 22
14 18 68
23 4 69
4 7 18
18 20 61
15 19 44
1 4 2
13 15 45
21 0 53
9 13 47
12 16 38
1 5 22
18 22 65
6 9 43
3 5 44
17 22 37
11 14 47
14 18 65
7 10 15
15 17 56
14 18 60
20 22 9
23 1 10
1 3 27
3 7 65
1 5 70
12 15 56
6 9 7
21 0 4
6 7 11
11 12 61
16 20 35
1 4 24
5 9 55
13 15 8
17 20 54
10 16 58
18 22 8
20 23 5
15 18 44
1 5 15
19 20 23
18 20 58
11 13 6
10 12 48
21 1 59
12 15 6
2 6 3
17 19 20
14 17 56
13 16 14
10 14 31
0 3 24
12 15 22
21 0 47
21 1 40
16 19 36
9 12 7
17 19 45
4 6 25
18 22 55
16 19 62
7 10 21
14 17 49
23 2 69
9 10 1
11 15 8
14 16 18
23 3 6
14 16 50
18 20 24
12 16 70
20 23 60
7 10 8
22 1 33
10 13 18
8 10 51
22 1 19
2 6 18
10 12 6
20 23 24
7 10 70
20 0 33
5 9 8
21 0 22
1 3 27
1 3 67
5 9 65
0 3 29
12 13 6
21 2 60
8 10 20
15 17 38
20 0 64
5 8 37
9 12 1
12 15 19
8 10 66
15 17 1
11 16 8
1 3 6
19 21 29
20 1 38
17 21 8
10 13 4
0 3 26
10 13 37
13 16 6
6 10 64
22 0 69
15 17 14
23 2 5
9 14 7
4 9 41
8 11 52
22 1 16
18 21 28
10 14 39
20 23 25
4 7 28
0 4 19
16 18 1
19 0 50
11 14 25
0 2 23
10 14 45
16 18 53
4 7 4
0 4 60
14 17 31
14 18 28
10 14 7
4 7 49
8 11 46
10 14 69
23 3 45
2 6 3
6 8 68
3 5 70
18 21 43
14 18 20
1 3 6
5 10 25
19 21 15
12 14 10
9 12 4
16 19 57
7 9 42
13 15 40
9 11 48
3 7 53
19 22 24
9 13 16
8 9 20
14 18 7
4 8 36
19 21 70
6 8 57
17 20 56
3 6 20
9 13 12
23 3 22
18 18 39
5 8 29
20 23 15
8 13 14
9 13 35
10 12 51
12 15 11
20 22 10
15 19 53
15 17 64
12 16 46
1 3 59
22 3 39
20 0 40
13 16 42
22 1 51
22 2 21
3 6 8
13 14 55
21 23 40
23 3 31
6 11 15
19 21 56
16 19 35
11 15 44
12 15 41
1 3 68
9 12 43
0 1 59
2 6 68
23 2 40
4 8 55
15 16 55
3 7 12
4 6 28
23 1 44
6 9 32
8 11 10
4 8 43
3 7 31
10 12 2
1 3 28
14 18 20
4 8 31
6 9 51
10 13 8
18 21 63
2 5 30
22 1 65
15 19 28
0 3 67
3 6 36
13 16 29
4 8 16
10 12 46
7 11 65
5 8 26
17 20 34
9 14 5
17 21 52
5 6 43
7 10 9
10 13 21
15 19 62
20 23 44
19 22 14
9 13 21
5 9 7
3 7 59
15 17 2
5 10 11
17 19 58
17 19 54
8 12 60
20 21 30
5 8 61
0 2 11
1 4 14
20 23 53
18 21 12
14 17 70
6 9 28
22 2 61
2 5 28
9 11 48
19 22 42
21 0 46
9 12 66
22 1 53
23 2 68
13 15 13
3 5 13
7 9 70
21 0 11
2 3 38
2 3 49
20 23 33
22 1 66
16 18 53
5 9 56
8 9 60
16 20 11
6 7 67
17 19 8
22 2 8
6 9 49
12 13 67
22 0 36
4 7 63
3 5 25
0 3 13
18 20 66
17 20 39
11 13 6
21 2 8
14 17 55
17 22 13
4 8 41
16 21 57
12 16 39
22 3 4
0 3 16
7 10 53
16 21 10
20 23 65
12 15 33
14 15 33
5 8 23
23 2 11
2 7 13
19 22 22
15 18 17
18 21 28
5 8 6
13 15 5
19 21 24
6 10 32
6 10 41
14 18 29
13 17 49
3 4 28
13 14 24
14 19 16
12 14 63
22 1 34
17 19 37
17 19 68
6 10 26
6 7 43
20 22 21
8 10 48
10 12 64
0 3 5
5 7 31
2 3 16
9 12 48
18 21 2
1 4 13
14 16 12
19 23 16
14 17 55
10 14 30
10 12 1
3 6 17
12 15 22
16 18 70
11 14 60
0 3 61
9 12 49
6 8 51
14 17 48
7 12 39
4 7 57
15 17 53
5 8 63
21 0 12
22 1 40
5 8 14
7 11 11
3 6 67
13 17 67
3 7 63
21 22 25
18 21 27
3 8 49
0 3 15
22 1 26
20 23 50
13 16 4
11 17 39
22 1 65
20 23 9
22 1 64
10 13 14
10 13 5
10 12 15
2 5 41
7 9 28
2 6 23
3 5 4
0 3 68
20 22 47
0 3 41
9 11 64
20 22 3
12 15 40
16 18 64
9 12 67
4 9 50
9 11 42
17 20 22
1 5 12
22 1 3
11 14 29
4 10 69
12 15 3
12 15 70
3 5 56
4 9 2
20 0 28
7 10 27
9 13 34
7 11 2
10 12 60
6 8 29
16 17 29
20 23 28
20 0 46
5 9 1
8 10 44
11 16 27
5 7 45
8 9 3
0 3 5
4 6 20
16 19 69
5 8 46
22 0 49
22 0 8
16 17 19
0 4 4
13 16 1
21 0 64
2 5 46
18 21 56
13 17 26
2 5 64
19 0 8
4 8 35
20 23 40
12 16 13
18 20 37
9 12 5
11 15 56
4 6 4
9 11 32
1 4 36
18 21 40
18 21 9
8 11 14
1 4 41
18 21 44
6 9 36
12 14 39
5 8 54
11 13 50
10 14 70
18 21 45
4 8 8
18 22 1
8 12 39
0 3 46
13 16 10
23 3 5
6 9 15
15 17 48
10 13 53
10 12 43
0 3 17
12 15 3
2 5 68
17 21 19
20 23 33
3 5 26
2 5 53
14 18 29
14 17 25
2 6 48
6 10 10
20 23 3
3 6 1
20 23 30
8 12 38
3 8 41
16 20 50
18 21 59
11 13 34
21 0 63
23 2 20
9 12 8
19 22 45
16 20 44
10 14 4
0 2 14
17 21 11
20 0 51
17 19 53
0 4 15
0 3 58
0 3 54
15 17 4
21 2 60
8 13 8
9 10 57
21 1 29
12 17 51
13 17 46
6 11 32
19 21 69
15 18 10
0 3 63
20 23 63
16 19 33
3 5 50
11 15 52
5 8 47
5 9 61
12 15 17
23 3 50
3 6 10
7 10 60
6 8 27
5 9 60
2 6 56
14 17 11
2 5 21
18 21 25
16 20 28
13 15 36
3 4 62
18 20 49
22 1 27
21 1 15
1 3 29
9 11 65
22 0 13
4 6 43
18 21 23
8 12 2
15 17 26
23 3 48
14 16 60
18 22 8
7 7 19
18 21 49
2 4 38
12 15 53
11 14 14
7 10 52
18 21 37
6 8 54
21 1 68
21 1 40
13 16 44
1 4 54
2 5 56
11 15 46
9 13 65
1 3 5
18 19 45
22 1 1
7 10 27
10 10 55
12 15 1
16 20 22
9 11 43
9 12 66
3 7 41
9 12 10
