1200 90
53 51 69 62 52 46 10 11 78 86 11 2 80 31 82 35 17 31 37 86 80 12 31 52 4 68 45 90 10 40 62 86 47 33 72 31 1 33 13 88 4 22 45 62 15 79 18 79 50 6 73 55 53 60 11 15 57 65 29 37 84 58 56 76 61 2 88 30 71 3 28 1 3 32 67 90 60 65 65 39 10 18 17 32 3 8 29 73 44 69 
11 14 11
0 2 81
17 19 86
6 10 78
13 17 66
13 16 36
0 4 39
23 1 5
1 5 3
13 16 82
17 21 61
1 5 52
23 1 74
10 15 37
22 0 58
2 5 47
14 18 13
5 7 8
7 9 62
23 3 2
17 21 48
5 7 72
20 23 76
4 7 58
13 17 8
5 9 39
6 8 16
1 3 67
17 18 73
9 12 31
3 5 85
1 3 74
0 3 38
18 21 75
6 8 49
23 1 90
7 12 80
16 20 7
19 22 69
12 13 23
5 9 48
12 15 70
9 13 37
3 4 88
5 8 30
2 5 38
6 9 65
13 17 32
1 5 10
4 7 85
4 7 87
4 7 43
14 16 52
15 19 90
19 22 64
7 9 52
12 16 15
7 9 4
7 10 28
18 22 84
1 2 70
10 14 89
17 20 15
13 13 50
4 7 81
12 13 34
4 7 72
8 11 55
12 15 86
16 19 41
21 22 70
15 17 33
15 20 49
0 3 33
13 17 20
21 23 79
12 16 72
3 6 54
16 19 72
0 1 16
20 1 51
21 23 4
4 6 55
17 21 32
9 11 77
2 5 67
14 17 61
5 8 62
14 16 18
3 6 70
1 4 23
21 1 46
16 18 18
8 11 49
18 20 18
8 12 27
10 12 41
18 20 12
4 8 18
14 17 66
9 12 53
17 20 11
14 16 4
16 19 28
22 1 1
21 0 17
18 23 51
3 5 63
0 2 6
15 16 10
5 9 54
5 6 67
22 1 31
13 17 12
0 2 85
9 12 53
21 22 42
6 7 19
15 17 70
2 5 11
21 1 79
22 1 20
8 12 13
12 16 74
20 23 11
1 4 45
17 20 75
16 18 3
6 10 89
23 3 81
17 21 2
14 15 3
17 20 50
10 13 61
5 9 6
3 8 90
15 20 60
6 9 7
8 11 29
10 13 48
23 2 87
11 14 23
9 12 22
21 3 3
16 20 77
0 3 20
11 15 28
13 16 16
23 0 9
7 11 73
2 6 67
11 14 18
16 17 88
0 3 3
20 21 46
18 22 20
5 9 42
19 21 82
20 22 77
10 12 29
9 12 11
7 11 39
5 9 51
21 0 61
10 13 24
12 15 84
19 22 61
2 3 74
22 2 1
4 6 47
9 11 6
10 13 61
20 1 5
4 7 40
12 16 37
12 16 68
21 0 90
14 19 64
12 16 42
16 19 27
5 9 50
4 7 56
10 14 45
20 0 7
20 21 69
10 13 41
5 8 41
12 14 37
9 11 61
5 8 19
10 13 45
12 16 83
12 15 84
22 1 3
17 20 14
18 21 8
20 23 75
14 17 2
20 23 89
8 12 45
3 5 63
13 17 24
1 5 58
9 12 64
6 9 71
5 8 56
10 13 10
20 0 90
21 0 84
12 15 42
10 12 63
12 17 66
13 16 22
5 7 39
13 17 6
14 16 59
7 9 10
10 12 9
9 12 59
7 10 85
18 21 90
14 18 22
8 12 51
17 19 89
0 2 40
6 11 80
5 9 80
22 2 41
1 4 23
21 1 60
0 3 45
11 14 63
21 0 70
16 18 35
13 16 12
9 13 64
12 16 55
15 18 38
23 2 55
20 22 29
17 19 8
23 3 18
10 11 77
2 5 1
14 18 37
20 0 51
20 0 41
10 13 66
1 4 74
14 17 15
13 16 26
12 16 29
21 1 46
23 2 50
1 3 71
1 4 9
3 6 24
2 5 6
11 13 4
14 18 2
17 20 43
8 11 26
18 19 17
22 2 37
2 5 87
19 0 72
8 10 44
14 18 29
12 17 6
8 12 11
2 5 39
9 13 87
5 8 59
1 3 43
18 21 72
16 20 1
22 1 34
1 5 55
18 21 70
14 16 82
7 11 34
19 22 83
22 23 68
22 0 59
21 2 56
5 6 39
20 0 68
19 20 70
6 10 69
17 20 7
0 3 8
18 22 36
12 15 24
13 17 81
18 20 55
14 17 69
9 12 19
1 4 25
15 18 84
3 7 77
20 22 34
1 5 71
3 8 37
9 10 39
6 8 62
5 8 67
12 16 17
10 13 66
9 12 1
8 12 68
17 20 38
15 17 70
22 0 43
13 15 81
5 10 18
22 0 61
21 0 13
9 13 81
12 16 76
23 2 10
21 0 29
9 12 50
8 13 55
21 23 36
12 14 70
16 18 88
8 10 3
7 10 43
15 16 63
16 19 26
9 12 70
21 0 4
4 7 36
19 20 72
7 9 28
18 20 76
10 14 83
22 1 13
8 9 56
8 11 87
16 18 76
19 22 34
21 1 78
6 10 51
23 4 64
18 20 34
10 13 57
0 4 15
10 14 69
10 12 37
11 12 10
8 9 3
3 6 76
8 10 16
23 3 6
1 4 64
3 6 75
9 13 58
9 12 42
11 12 81
12 15 2
14 15 13
15 18 79
13 18 53
0 3 29
19 22 27
10 13 74
14 17 29
18 19 28
6 10 68
9 12 25
5 7 30
15 18 15
15 19 48
12 15 50
23 2 40
7 10 23
15 18 36
18 20 13
6 10 29
1 5 84
16 19 7
23 2 60
21 23 11
21 0 37
16 19 25
2 5 68
11 12 24
17 20 8
16 18 87
7 10 57
8 11 80
4 6 74
21 0 70
7 9 28
15 17 88
19 21 15
22 1 80
6 8 13
0 2 90
2 5 7
20 23 43
13 14 6
12 16 24
19 0 13
0 2 22
8 14 25
5 9 53
15 18 2
12 15 41
5 9 59
2 4 30
4 6 82
14 19 67
17 20 58
3 6 66
8 10 77
15 18 64
17 20 81
19 22 18
18 20 56
3 6 65
16 20 88
8 12 68
8 11 90
13 18 4
21 2 89
13 15 47
2 5 20
5 7 1
1 3 28
22 2 58
3 5 30
12 15 42
23 1 26
18 22 23
15 18 50
9 12 43
15 18 51
14 19 8
9 9 65
20 0 14
19 22 64
22 3 85
10 14 27
8 12 27
4 7 24
11 14 1
10 13 24
9 12 46
3 5 57
14 15 22
12 16 67
14 18 10
20 0 42
12 16 3
13 17 48
21 22 43
7 11 33
21 1 16
21 23 49
3 7 23
0 2 68
21 22 64
17 21 77
21 0 8
22 0 63
17 19 37
6 7 10
20 23 66
15 19 86
15 18 84
16 20 79
10 13 32
12 12 66
5 7 82
16 18 83
23 2 47
23 3 81
9 13 77
15 18 15
17 21 27
19 22 66
17 21 50
17 20 43
7 10 60
4 6 21
11 12 59
12 15 84
14 17 86
1 6 64
1 6 40
21 1 49
10 13 86
23 2 53
6 9 87
1 5 46
13 15 65
15 18 43
10 13 21
11 13 29
8 11 78
4 8 83
21 23 58
19 22 73
1 3 80
22 0 23
20 1 50
20 22 33
19 21 66
2 5 13
2 7 10
22 1 46
6 8 49
5 8 90
9 11 62
4 6 20
11 15 78
16 21 22
9 12 90
7 11 4
7 12 43
19 21 48
16 19 85
21 23 9
11 14 14
16 20 41
11 13 88
14 18 5
4 7 82
5 8 47
9 12 44
12 17 79
7 12 28
5 6 32
19 21 52
18 22 67
1 4 14
8 12 5
4 6 60
13 17 51
7 9 76
1 4 3
20 0 44
1 4 79
7 10 1
11 13 28
19 23 30
2 6 18
13 16 7
14 15 29
17 20 12
2 6 27
4 9 11
23 2 59
2 6 69
5 7 60
21 0 67
7 9 47
4 9 9
8 11 17
16 19 63
8 12 17
17 21 1
6 9 68
9 13 24
5 8 40
18 21 8
6 7 85
12 13 50
1 2 1
19 22 78
20 22 65
8 11 88
14 16 39
19 21 76
10 13 12
19 21 26
20 23 28
11 15 19
21 1 41
14 16 6
4 7 21
15 17 71
14 16 58
15 17 73
12 15 52
3 6 69
23 2 59
5 8 41
13 16 52
3 5 11
10 12 13
9 12 23
9 13 55
1 4 87
0 2 8
3 6 42
20 0 53
21 0 25
6 8 35
17 19 51
23 2 59
3 6 55
3 6 48
14 17 49
11 15 16
5 8 12
5 7 64
10 11 9
2 6 55
21 23 12
9 13 22
9 13 14
1 5 52
8 12 46
16 18 23
21 23 59
20 22 89
9 13 48
8 11 79
15 18 2
21 0 11
2 5 72
7 10 60
4 5 13
17 21 29
17 19 24
3 5 36
3 7 43
16 17 82
12 15 86
0 2 48
11 14 48
22 0 49
18 20 39
4 7 24
4 6 80
15 19 24
4 6 47
3 6 88
10 14 71
11 13 34
9 12 17
22 0 79
17 20 46
14 18 14
7 10 84
14 14 80
5 7 46
22 0 7
6 11 65
8 11 77
13 18 10
16 20 11
0 1 59
15 17 87
1 5 15
16 21 50
16 18 29
9 12 85
3 6 74
7 9 4
19 22 71
15 18 77
2 5 50
4 4 44
19 22 61
17 20 25
2 5 84
7 10 60
9 13 72
7 10 61
1 4 9
23 4 18
19 22 44
5 11 54
3 7 50
19 22 47
3 5 39
6 10 47
5 6 31
13 16 24
8 11 33
14 16 64
6 11 22
14 16 84
3 7 86
5 9 26
20 22 45
11 15 41
4 6 75
9 13 38
12 13 82
6 7 85
2 7 6
4 8 67
4 8 75
19 23 62
14 16 25
5 9 6
15 17 60
22 0 66
12 14 39
0 3 30
20 22 31
19 22 9
21 1 41
14 18 48
12 15 78
22 2 53
22 23 35
17 19 55
15 18 57
1 4 64
19 21 81
12 15 64
13 17 24
10 14 61
21 1 33
16 18 37
2 6 64
17 17 82
10 14 68
3 5 83
15 17 15
15 17 52
14 17 43
6 9 64
17 22 90
7 8 57
5 8 76
14 15 84
13 16 8
3 5 34
6 9 84
7 8 58
20 23 73
10 13 47
17 20 63
0 3 73
22 1 6
15 17 44
2 4 73
23 2 30
16 18 46
4 7 84
19 21 74
10 14 23
19 20 41
2 6 40
18 23 32
22 0 12
16 21 81
14 18 44
8 12 36
12 16 48
6 10 63
8 11 79
2 5 55
5 8 33
8 11 7
23 1 68
23 3 32
22 2 23
15 18 47
1 4 54
15 17 67
0 2 19
5 8 12
23 1 14
3 7 35
13 15 69
16 20 41
7 10 25
3 6 34
0 5 34
8 11 80
12 16 72
21 0 40
7 9 34
6 10 70
9 12 66
5 8 62
6 10 53
22 0 73
0 2 36
23 3 50
11 15 77
23 3 23
12 15 81
6 9 54
17 21 67
7 11 35
12 14 14
20 0 25
19 22 86
17 20 17
4 6 44
18 19 23
14 16 14
20 23 47
15 17 49
23 2 75
14 17 83
14 18 5
16 19 54
3 7 39
12 15 18
4 8 53
4 8 38
4 7 81
20 23 29
16 18 77
3 5 65
14 17 28
6 10 81
3 6 56
8 10 3
9 13 70
14 17 50
18 20 73
18 19 13
8 12 39
11 14 74
7 9 51
21 0 78
2 5 78
21 23 61
22 3 16
11 12 36
23 1 84
7 11 5
3 7 7
19 23 41
7 10 33
7 11 24
9 14 61
21 1 62
22 1 89
3 7 12
15 17 8
20 1 68
22 0 5
11 13 72
17 21 6
23 2 57
13 15 44
22 2 70
9 12 10
10 14 53
8 13 3
22 2 31
16 20 27
15 20 25
4 8 70
19 22 81
16 17 74
10 13 88
20 23 37
5 8 76
18 21 81
11 12 37
5 8 15
0 4 30
0 2 79
17 21 69
22 1 41
0 4 4
18 19 37
18 20 53
23 2 38
5 7 89
2 6 16
5 8 30
4 9 28
9 12 64
14 17 36
9 12 84
11 13 40
5 9 3
0 4 8
15 17 35
15 18 26
22 1 31
9 11 38
16 18 44
14 17 83
22 0 67
16 19 51
23 4 30
2 5 24
4 8 65
23 0 57
10 13 82
5 9 89
19 21 19
18 19 78
13 16 38
12 13 45
18 21 56
23 1 13
18 20 40
3 5 89
14 18 65
0 3 1
23 2 48
6 11 35
23 4 57
21 22 90
19 23 58
7 10 68
19 21 44
9 13 69
20 23 86
18 21 87
14 19 69
10 13 53
11 16 39
10 13 15
17 21 90
0 5 46
6 9 62
9 12 32
21 0 6
3 5 54
3 6 70
10 15 27
6 8 68
14 19 51
15 17 56
18 20 2
12 13 78
11 15 4
16 19 34
3 6 56
11 14 77
1 4 42
22 0 73
18 21 87
19 23 10
0 3 83
23 3 88
20 23 67
8 13 47
1 5 17
11 14 87
8 10 20
11 16 30
16 17 35
6 9 86
5 8 75
11 15 2
15 18 90
23 2 8
17 20 56
21 1 34
21 1 15
4 8 4
18 20 55
18 20 8
23 2 2
3 8 69
5 8 90
1 4 84
2 5 38
14 17 67
21 21 5
2 5 43
22 1 45
2 6 52
2 5 53
20 22 36
12 15 62
2 6 29
5 8 83
0 4 90
16 19 38
21 0 7
5 9 39
19 23 74
2 6 23
20 23 57
8 12 43
10 13 42
15 18 19
14 17 39
11 13 57
22 0 67
2 6 39
13 15 72
2 4 48
13 17 34
20 23 41
4 9 63
21 0 86
9 12 84
2 7 80
4 4 75
1 5 57
0 4 68
4 7 83
20 0 50
18 20 20
19 22 70
15 19 84
8 10 55
23 3 24
7 10 26
11 15 31
20 23 22
22 2 42
2 4 14
3 6 76
8 10 75
6 10 11
0 4 69
18 21 89
19 21 53
22 1 47
15 18 33
6 8 12
5 8 74
8 11 23
7 9 75
10 12 5
19 21 68
20 0 81
8 12 71
5 7 5
18 21 77
7 11 38
6 9 87
19 22 81
13 15 40
10 14 74
13 16 61
20 22 41
22 0 8
18 20 50
12 13 63
15 17 20
9 15 69
1 3 16
20 21 51
4 7 84
13 17 77
5 8 12
21 0 67
2 6 88
10 13 18
9 12 69
14 18 24
13 15 19
9 12 88
11 12 57
18 21 72
12 16 5
11 14 27
16 19 82
13 16 31
9 11 59
4 7 76
22 2 15
0 3 37
16 18 34
12 12 64
17 20 17
23 3 23
12 16 65
8 9 25
15 19 32
3 7 53
13 16 75
8 11 90
15 18 53
23 3 64
13 14 85
11 14 13
3 6 25
19 23 61
21 2 65
20 22 39
11 16 53
0 2 43
9 13 26
0 3 63
20 23 51
12 15 24
18 22 56
16 20 58
11 15 84
7 10 12
6 9 16
11 14 71
15 19 88
23 2 72
16 19 84
8 13 4
14 16 36
7 11 24
15 19 2
23 3 19
9 11 65
1 5 68
20 23 9
1 5 76
21 0 80
11 13 5
17 21 33
13 15 65
20 23 38
13 16 33
1 4 12
18 20 62
18 23 41
6 9 31
19 21 47
12 16 33
9 14 16
15 16 30
6 11 5
6 6 3
1 4 24
1 4 64
20 21 9
15 18 76
12 17 42
4 7 61
2 6 11
21 0 89
11 13 60
15 18 81
0 3 8
13 14 59
6 9 24
19 22 76
9 12 18
14 16 54
10 14 83
11 13 25
7 9 7
3 5 64
5 7 1
2 2 80
12 14 79
4 8 17
14 17 33
19 22 43
21 0 53
6 10 5
15 17 1
5 9 64
3 7 48
17 21 33
7 12 50
16 19 39
8 12 38
10 14 33
9 13 67
0 3 3
9 12 19
17 20 80
18 21 85
11 14 28
14 17 19
10 14 4
13 16 47
23 2 69
9 11 18
5 9 42
11 14 42
18 0 2
14 17 68
2 4 3
18 21 58
11 15 40
1 3 13
1 6 50
12 13 27
9 11 25
21 0 46
5 8 81
3 6 77
14 17 48
8 12 24
9 13 30
2 5 57
0 5 25
20 23 56
4 6 5
8 10 32
23 2 37
18 22 36
13 14 48
14 16 25
9 11 45
13 17 14
23 3 18
11 15 16
