1400 90
75 59 54 8 6 9 56 23 21 32 68 27 86 10 14 68 50 80 56 73 32 19 37 85 69 68 50 37 83 23 61 39 43 25 53 85 38 67 47 49 27 66 3 56 53 14 11 88 83 65 27 58 60 64 26 23 8 43 60 71 28 38 11 26 67 34 85 8 70 53 68 5 43 10 67 57 88 19 74 23 60 48 1 85 32 85 7 3 11 1 
8 12 83
23 1 44
20 0 58
8 11 50
14 17 41
6 10 66
5 9 86
13 16 47
10 13 27
7 9 17
22 0 67
1 4 39
16 18 27
13 17 63
0 1 38
14 17 59
19 22 37
23 2 10
23 2 86
1 3 75
3 5 63
0 3 29
19 22 39
12 15 4
8 12 88
22 0 33
3 6 83
13 16 14
16 19 79
21 0 25
21 1 3
12 14 88
16 19 71
20 23 69
3 6 19
4 8 80
6 8 77
5 8 77
12 17 85
3 6 48
14 17 63
12 14 82
23 3 5
21 0 27
15 18 40
19 23 36
19 21 48
23 4 18
1 3 1
5 9 11
9 13 72
19 21 70
10 13 41
8 11 31
19 22 28
13 17 58
17 19 75
14 18 26
10 13 61
18 21 33
9 12 76
2 5 38
5 7 34
16 22 78
17 21 85
1 3 72
18 21 13
2 6 70
21 23 15
14 18 53
7 10 4
1 5 63
8 10 47
20 22 19
10 12 56
22 0 59
1 4 60
8 11 54
23 1 52
17 20 81
1 2 30
0 3 31
8 11 52
9 11 23
16 20 86
12 16 87
14 15 35
21 0 50
6 9 54
11 15 18
22 0 77
3 6 1
11 15 32
8 10 27
13 16 76
17 20 68
8 11 45
21 0 21
0 2 30
20 1 16
10 12 33
0 3 27
6 9 62
16 19 68
17 19 52
23 3 7
3 5 15
7 10 24
17 20 67
12 16 90
10 13 18
1 5 90
2 6 76
0 2 3
17 19 86
1 3 12
7 10 14
13 15 90
9 13 59
21 0 20
22 2 42
23 2 63
15 18 49
11 13 31
12 15 25
12 16 10
8 12 89
11 13 61
2 5 66
6 9 80
12 15 24
10 12 62
9 12 7
15 18 27
3 8 6
13 16 79
2 5 13
17 21 28
9 11 32
20 0 53
11 14 33
8 11 16
20 22 52
0 3 90
19 22 59
16 17 28
17 22 22
5 7 74
15 19 57
23 1 5
11 14 37
14 17 75
21 0 41
2 7 72
14 16 42
10 12 4
19 23 82
1 3 18
1 4 72
15 18 60
5 10 35
3 7 83
11 14 83
8 12 70
7 10 40
11 14 25
5 6 6
14 17 77
18 22 4
14 16 52
23 1 41
12 15 78
15 18 58
17 20 67
14 17 46
19 22 15
5 7 39
11 14 39
8 12 49
17 20 6
7 11 70
15 16 8
20 21 72
21 0 50
14 16 6
21 1 29
12 14 25
9 12 75
6 9 33
8 10 84
19 21 30
20 23 47
19 21 57
16 19 11
11 12 30
18 22 78
9 10 11
11 16 85
6 11 61
2 7 57
1 2 27
15 16 9
23 4 45
14 16 78
12 14 1
0 3 4
6 7 41
4 8 9
3 4 28
11 14 4
22 2 28
6 9 70
7 10 60
6 10 22
14 17 54
7 9 63
8 11 34
9 14 75
13 13 60
2 4 53
7 11 16
7 11 88
16 21 23
4 5 15
21 22 57
14 16 1
23 2 64
17 20 83
16 21 88
0 3 71
22 1 72
14 16 28
2 4 51
15 17 22
0 3 22
15 18 56
1 5 24
17 19 50
7 10 17
14 17 72
9 11 31
17 22 70
23 3 20
11 12 27
2 5 4
19 21 23
2 4 46
2 4 12
1 5 42
17 22 42
15 18 4
0 6 72
7 11 32
3 6 28
19 22 15
19 22 76
7 11 78
3 6 46
4 7 52
3 6 87
18 21 3
7 9 79
18 22 67
19 22 14
2 7 79
7 9 40
17 21 44
6 10 45
0 4 40
9 15 8
2 5 64
12 14 45
1 3 11
10 14 72
9 12 26
11 16 86
1 4 22
11 15 85
10 14 67
18 21 61
21 1 81
10 14 43
23 0 90
3 7 90
13 16 58
1 4 27
17 19 85
17 19 45
9 11 46
4 6 79
5 7 35
21 2 49
16 18 31
16 17 4
5 8 6
3 6 35
6 7 4
0 2 24
8 10 72
11 16 79
21 0 58
17 20 41
4 8 79
20 0 50
0 2 64
17 19 44
11 12 77
17 21 74
1 5 46
10 13 76
3 4 27
13 14 50
15 19 24
21 23 46
11 14 13
6 9 52
22 23 39
8 13 57
2 4 6
13 17 40
18 21 86
6 10 83
12 15 72
8 10 45
15 19 88
5 8 10
19 21 11
21 1 65
12 15 51
5 8 46
15 18 29
4 6 8
20 23 18
9 13 48
21 1 37
7 11 36
17 19 3
21 1 56
11 16 10
23 1 1
4 7 14
11 15 74
15 19 89
7 9 81
13 17 22
9 12 56
22 1 48
14 17 53
1 4 58
8 9 54
23 1 21
11 13 43
21 23 64
17 19 67
10 13 67
13 16 41
16 21 40
1 3 53
14 14 79
5 7 56
18 20 37
21 2 13
4 6 35
10 14 74
6 9 2
16 19 43
7 12 56
22 3 78
18 21 89
7 9 84
21 21 59
0 2 36
11 13 61
9 11 11
21 0 17
18 23 50
17 21 14
2 6 62
21 23 36
11 14 12
16 18 15
9 10 67
22 3 80
15 18 87
0 2 59
17 20 27
20 22 72
21 0 46
23 2 3
22 1 40
12 15 49
2 5 48
0 2 42
7 10 27
13 17 25
14 18 68
6 9 21
5 7 87
13 15 75
22 1 52
13 17 17
15 18 82
18 22 10
21 0 65
0 3 84
13 16 43
12 16 76
1 4 85
19 21 30
23 2 83
16 19 43
15 18 80
0 4 55
4 7 9
20 23 4
2 5 5
19 22 89
20 23 28
3 7 27
6 9 83
11 14 3
4 7 21
21 22 60
13 16 58
19 22 50
22 0 11
5 7 49
21 0 76
7 10 46
7 10 68
0 3 31
1 4 56
14 20 77
22 1 57
18 21 53
23 2 31
15 19 65
7 11 52
23 4 34
23 1 89
15 19 13
3 5 36
6 7 19
2 4 36
14 17 29
2 6 75
16 19 38
13 15 77
0 3 19
12 16 85
10 14 58
12 15 53
16 20 39
16 18 9
16 17 90
7 11 64
7 9 80
18 20 26
14 16 23
16 19 88
13 13 39
0 2 45
1 4 50
0 3 34
17 21 28
7 10 87
17 20 79
0 3 88
23 1 48
0 4 26
13 15 23
13 17 13
21 1 12
13 17 18
22 2 15
14 18 49
1 4 14
5 9 51
17 20 51
4 6 68
4 6 1
18 20 3
13 15 17
8 10 8
5 9 19
10 13 31
21 22 47
6 8 31
16 20 44
3 5 1
19 23 51
5 10 12
1 4 32
21 23 80
7 9 71
0 4 66
15 18 74
14 18 15
23 2 32
5 10 78
2 5 88
4 8 32
21 23 78
22 0 14
5 9 28
20 23 45
22 2 74
21 1 37
19 22 16
3 6 69
22 1 74
6 7 12
13 14 44
23 1 40
13 16 82
11 13 47
12 16 7
10 13 11
11 15 21
0 3 24
12 13 13
17 21 49
17 21 33
11 14 7
9 11 79
22 3 64
0 3 47
15 18 58
12 16 64
17 21 69
20 23 39
10 12 30
11 16 87
16 20 49
9 13 36
3 7 82
13 17 64
17 19 65
9 10 21
0 4 88
23 2 34
20 22 79
4 7 4
2 4 71
3 4 14
15 17 5
22 1 17
20 23 77
21 1 30
12 16 22
0 2 12
20 22 8
4 7 10
4 8 62
7 9 74
17 20 7
19 23 78
17 20 42
19 22 46
17 20 66
2 5 50
16 17 70
8 11 82
15 18 67
8 10 11
16 18 57
1 3 90
10 14 57
20 23 42
5 6 13
20 22 22
10 13 36
17 20 26
1 2 19
8 11 9
16 19 10
2 6 25
4 6 24
13 16 15
14 18 62
19 22 31
9 15 17
21 23 24
3 5 17
3 5 41
5 8 69
12 17 7
9 12 36
5 9 47
4 7 40
13 16 81
19 21 7
15 18 56
12 15 82
5 7 83
2 4 88
9 13 12
5 8 67
3 6 32
19 22 11
6 10 53
7 9 79
19 21 53
3 6 52
14 16 2
11 15 68
7 11 46
7 10 34
13 15 26
5 8 71
15 17 23
19 21 62
8 12 66
16 19 44
22 0 50
17 21 11
9 11 79
2 5 86
0 1 2
7 13 61
23 2 19
8 11 18
21 2 68
20 0 71
2 6 67
19 22 31
2 5 84
8 11 3
0 3 83
15 16 62
10 14 55
6 9 19
12 15 6
4 6 27
6 9 71
3 6 85
7 10 9
16 20 1
18 18 60
0 3 89
23 3 86
22 2 36
0 3 38
2 5 16
19 23 33
9 13 5
15 17 38
6 9 36
14 18 5
15 17 16
4 7 19
19 21 76
5 9 52
21 1 36
11 13 59
8 11 33
2 5 16
3 4 74
23 3 67
0 2 63
19 22 19
21 0 20
4 7 54
17 18 48
1 4 64
0 4 61
12 15 65
1 3 77
9 12 53
19 22 28
15 19 4
6 7 46
8 10 76
10 13 68
3 6 69
12 16 47
3 7 87
16 17 61
11 13 63
8 11 13
4 7 64
19 22 17
16 20 17
6 10 24
3 8 82
13 16 8
19 21 57
16 20 70
4 7 25
10 13 15
17 20 14
11 15 37
1 6 70
16 19 52
15 19 66
13 17 22
9 11 47
4 7 16
18 20 48
13 17 66
6 8 38
6 8 77
22 0 41
19 22 37
13 16 66
6 8 58
8 12 4
14 16 44
20 0 12
5 8 17
4 6 38
14 17 19
12 16 9
17 21 52
16 19 71
17 19 47
11 15 48
19 22 41
22 1 67
21 0 20
19 21 67
13 18 83
21 0 89
4 7 8
20 23 19
17 20 13
20 22 24
8 12 83
18 20 29
0 2 67
23 2 86
18 21 22
5 8 66
12 15 50
3 7 43
2 4 59
12 17 26
5 8 71
8 11 16
4 6 8
11 15 7
18 23 11
9 11 61
12 17 57
2 4 48
1 5 65
11 13 40
13 18 77
0 2 77
7 9 34
10 13 4
8 10 48
4 6 34
20 21 25
6 10 60
23 23 85
13 17 63
11 14 32
3 6 62
11 14 47
4 7 86
10 15 25
18 21 36
21 23 25
7 10 42
22 1 6
7 10 27
7 10 17
15 16 14
8 12 33
17 20 48
18 22 19
3 6 83
5 7 32
16 20 39
13 14 69
20 22 76
2 3 53
7 8 6
5 9 29
15 18 74
7 11 67
9 12 30
14 17 58
17 20 78
19 21 57
12 15 72
4 7 82
9 13 1
20 0 52
0 3 33
2 4 53
12 13 46
2 5 39
1 5 50
2 4 27
22 2 76
13 16 66
21 0 45
8 11 29
12 14 61
10 12 82
0 2 6
11 14 20
5 9 16
3 6 7
6 7 78
15 19 72
10 12 19
9 11 13
10 12 43
6 9 62
14 18 35
1 3 24
3 7 72
16 19 81
15 19 25
14 16 87
6 10 39
5 7 89
18 22 84
5 8 66
4 8 83
14 17 43
16 20 38
18 22 86
2 5 58
21 23 42
1 5 85
19 0 35
17 20 30
17 19 85
7 10 36
22 1 1
23 3 23
14 17 82
6 8 12
14 17 9
11 13 41
20 22 2
17 18 71
19 21 42
5 8 35
13 18 69
21 23 70
4 7 26
19 22 69
16 20 82
8 11 6
1 4 29
18 21 27
18 23 6
8 11 65
4 7 83
8 11 15
14 18 66
22 0 53
18 22 51
2 5 46
10 12 61
5 8 76
21 1 79
23 2 21
12 15 30
10 11 67
23 2 11
4 9 18
5 10 28
22 2 11
12 15 4
8 12 42
6 8 42
22 1 27
2 5 49
3 5 82
18 22 42
20 21 75
11 13 28
4 4 47
1 3 66
5 6 89
2 6 54
8 11 40
3 5 45
14 18 1
4 7 60
23 3 45
14 17 31
14 15 52
11 14 25
20 23 57
23 23 15
3 6 52
12 14 56
11 13 90
22 0 64
10 14 1
2 4 60
0 4 34
16 20 43
14 19 34
0 2 85
20 23 79
19 22 89
5 9 71
17 22 41
17 19 22
14 17 34
2 4 30
17 18 12
17 20 70
21 0 4
6 8 79
17 19 60
17 21 65
1 4 44
0 4 2
22 2 78
19 23 50
5 7 34
11 11 9
4 7 69
12 16 19
9 13 1
23 2 61
18 22 67
9 12 45
17 20 39
5 8 88
7 10 58
5 8 69
14 18 39
16 22 73
9 10 51
6 9 24
5 10 58
22 0 54
16 17 53
19 23 6
21 0 39
11 13 88
1 2 3
3 6 29
11 14 5
15 18 4
9 13 20
9 11 89
6 7 69
5 6 4
15 17 4
14 17 86
10 13 25
0 3 48
18 21 40
4 7 12
17 19 59
1 5 63
16 21 2
19 22 59
16 19 65
11 14 40
15 18 58
20 0 57
9 12 25
19 22 8
5 4 57
7 12 41
13 16 5
4 7 51
22 0 66
15 19 5
14 17 8
5 7 76
9 12 15
6 9 57
13 17 44
18 21 76
0 3 8
12 16 18
17 23 42
21 1 10
22 2 45
22 1 26
23 1 28
6 9 20
0 2 33
22 1 8
12 15 24
20 21 72
20 0 35
0 2 6
2 5 76
17 20 9
23 1 46
19 22 89
16 20 63
3 6 75
16 18 74
16 20 31
16 17 78
21 1 24
17 19 9
11 11 14
14 19 87
20 0 9
5 10 18
4 8 85
20 1 27
14 15 30
3 5 37
14 18 74
20 1 50
10 13 75
3 5 77
4 8 49
22 1 76
12 13 63
13 15 3
14 17 4
20 0 7
5 9 20
14 18 87
20 23 28
9 12 9
23 4 86
14 16 55
22 1 47
21 0 68
20 22 38
11 14 86
22 1 74
14 15 29
4 7 50
3 6 29
2 5 26
13 17 39
23 3 53
15 18 68
13 16 39
18 20 58
10 12 60
1 4 57
12 14 35
23 1 29
12 14 67
20 23 55
0 2 79
13 15 10
9 12 51
0 3 21
4 9 71
7 10 77
16 20 84
0 3 64
0 4 64
14 16 10
5 7 89
11 14 48
17 20 30
3 6 5
16 18 6
16 20 3
6 9 44
18 20 28
7 9 4
17 21 14
1 3 35
1 5 16
14 18 86
5 8 79
0 2 79
7 11 26
11 13 66
13 15 40
4 6 1
18 22 61
5 8 39
10 12 23
14 19 18
14 18 36
2 7 28
0 4 39
3 6 41
19 21 14
6 9 28
5 7 13
10 13 68
18 23 47
0 3 20
8 11 76
10 14 49
3 8 70
13 17 4
0 3 65
6 10 72
11 13 13
23 3 87
2 5 78
8 11 66
13 17 65
19 22 78
14 18 58
21 3 11
4 8 63
21 23 3
13 17 30
2 4 41
13 16 63
8 10 75
18 22 4
5 8 85
23 1 35
2 4 40
14 19 11
21 0 58
0 1 34
11 15 81
10 14 29
4 6 40
11 15 69
10 12 81
0 2 51
15 18 58
22 1 24
22 0 2
22 1 72
5 7 48
5 8 18
20 0 6
20 22 42
4 7 36
22 1 62
17 19 18
20 0 35
22 3 57
6 9 26
21 23 18
1 5 78
13 15 62
17 19 3
10 13 83
14 16 43
1 4 38
22 1 23
7 9 3
18 21 22
11 14 84
22 23 25
17 19 81
0 2 36
17 20 80
9 12 17
0 4 89
23 1 74
1 4 89
0 4 58
20 1 21
9 12 10
16 20 16
23 0 10
20 23 26
18 21 3
23 2 61
18 20 13
6 11 24
0 2 19
5 7 34
9 12 61
6 9 45
16 19 5
14 16 70
1 4 45
6 8 57
7 9 32
19 0 53
5 10 85
19 19 61
9 11 56
6 9 62
2 5 71
7 11 4
17 22 2
15 19 12
19 0 65
17 20 47
20 23 72
15 18 7
17 21 16
4 8 16
16 20 79
16 20 69
22 1 54
8 9 49
17 19 85
14 16 24
12 15 66
20 22 51
13 17 41
17 20 52
5 8 56
1 5 23
0 4 85
16 20 60
15 19 75
17 21 89
20 22 26
16 20 85
22 1 64
22 2 48
9 12 9
19 23 57
19 21 76
16 20 22
7 10 50
5 8 29
3 5 73
0 3 23
2 4 73
2 7 42
6 8 47
21 23 87
0 3 31
3 6 41
2 5 70
14 17 27
20 0 74
14 18 55
9 13 21
15 18 10
18 21 38
12 16 9
18 23 58
20 23 58
1 4 83
8 11 7
11 15 5
21 0 57
13 17 55
20 22 5
5 7 77
17 19 20
11 14 12
3 6 20
14 17 76
20 23 76
12 15 18
2 6 3
3 5 52
15 17 56
10 11 80
16 20 85
14 18 69
10 12 26
17 22 61
13 17 61
11 15 5
3 4 65
20 22 49
12 16 11
13 14 40
16 22 32
12 15 74
21 0 54
15 19 18
16 20 39
17 18 85
1 4 78
1 4 24
17 21 90
7 9 23
23 23 35
18 21 13
16 19 49
15 18 47
20 0 16
13 17 90
10 14 55
12 16 56
8 11 40
6 8 86
16 19 77
9 11 17
5 10 71
19 20 69
5 9 14
0 2 46
18 20 20
3 8 90
11 15 75
1 3 13
11 13 40
22 1 28
17 20 9
9 12 20
12 14 53
12 15 86
12 13 69
8 11 65
20 22 16
9 14 5
21 1 55
22 2 32
23 1 27
5 6 24
14 18 77
6 7 82
8 11 9
0 3 35
17 20 48
22 0 87
16 20 85
13 16 69
7 11 4
5 6 78
18 22 65
5 6 7
5 8 90
17 20 63
19 23 53
8 13 38
14 18 2
16 20 87
0 5 43
2 6 49
12 16 73
2 5 24
14 17 78
14 17 83
1 4 56
20 23 13
9 12 54
1 3 42
21 1 36
2 6 53
1 5 5
4 9 20
12 14 58
7 11 68
15 17 48
20 23 79
12 15 67
0 3 57
2 6 77
7 10 89
21 1 8
22 1 71
10 15 56
18 21 14
5 9 40
16 19 55
22 2 34
0 1 8
11 14 74
2 6 84
10 13 2
17 20 22
7 10 19
8 10 68
5 8 44
13 16 36
0 6 70
10 13 55
7 10 3
15 17 40
9 12 42
3 7 54
8 12 52
0 5 71
6 9 35
2 4 73
2 5 89
0 3 2
9 14 75
17 20 65
7 13 19
12 15 52
15 20 69
18 22 31
10 12 90
17 19 17
8 13 4
8 10 29
11 14 3
8 12 36
19 23 30
21 1 14
13 17 11
12 17 24
2 5 90
11 14 11
11 14 21
6 8 67
12 12 58
3 6 78
3 7 23
10 13 76
12 17 32
19 22 45
20 22 13
22 2 59
