1000 5
3 4 3 4 4 
9 13 2
23 3 1
4 7 1
6 8 2
4 7 1
9 13 3
23 0 2
21 0 2
6 9 4
21 2 3
6 8 3
3 4 3
1 4 5
0 4 5
6 9 2
1 3 2
1 4 3
7 8 3
5 6 5
22 1 5
8 11 4
12 15 1
17 18 4
22 1 3
19 22 3
16 18 2
14 19 5
23 2 4
12 16 5
6 9 2
16 20 4
5 8 2
1 4 1
7 9 4
21 0 1
10 12 5
0 5 5
6 10 1
22 1 5
6 8 4
18 22 3
0 2 2
19 22 2
13 16 1
18 22 3
18 21 5
12 14 1
6 9 2
16 18 1
4 8 4
23 1 1
10 9 2
21 0 1
4 6 3
5 7 5
18 21 2
16 19 3
4 6 3
9 13 2
7 10 4
14 17 5
3 6 1
21 23 4
20 23 1
15 16 4
14 16 4
17 21 3
0 4 5
2 6 4
18 21 3
0 2 4
9 11 4
1 4 1
2 5 4
7 11 5
16 19 3
7 9 3
21 23 3
13 15 3
10 12 3
4 8 2
4 6 4
13 16 2
0 2 4
5 7 1
19 22 5
22 1 3
5 8 1
11 14 4
3 6 4
16 22 5
0 1 4
5 7 5
22 1 5
8 12 5
12 13 4
5 9 1
11 14 4
20 23 5
4 7 2
23 3 2
12 16 1
4 7 2
1 2 1
11 16 3
2 5 3
4 8 2
15 18 4
9 11 2
3 5 1
17 21 2
22 2 2
0 2 5
10 14 5
8 10 4
13 16 2
23 1 1
14 16 3
10 13 5
6 11 5
9 14 5
20 23 2
17 20 5
5 9 2
2 5 2
10 14 4
0 2 1
9 12 3
13 18 5
14 17 2
23 2 4
5 8 3
1 5 3
14 16 1
9 12 2
5 8 5
2 5 2
17 19 5
8 10 4
20 23 3
3 6 2
7 10 1
2 5 1
3 5 5
17 20 5
18 21 3
22 1 3
0 4 2
0 1 3
20 21 4
8 11 1
6 9 2
23 0 3
12 15 2
20 23 5
14 17 3
3 7 5
19 21 2
8 12 5
13 18 2
14 17 4
18 21 2
19 22 1
21 1 1
17 22 5
0 3 2
22 1 5
11 15 3
1 3 2
10 13 4
1 4 3
19 22 1
22 1 2
0 3 1
9 10 2
14 16 4
4 7 2
21 23 5
5 8 2
13 16 3
1 6 4
15 18 5
21 0 4
4 7 2
13 16 3
4 5 3
7 9 2
5 8 2
11 14 1
15 19 4
18 21 3
10 13 5
5 8 2
5 8 5
10 13 5
1 4 2
15 20 3
2 6 2
23 3 2
17 20 1
3 7 4
6 10 2
21 0 4
19 22 3
7 9 3
7 8 1
18 22 5
5 8 1
22 2 4
3 7 4
1 4 4
19 21 4
18 21 5
16 19 4
16 20 3
3 5 2
11 12 5
18 20 1
20 23 5
5 9 3
6 10 1
7 10 2
11 11 5
11 14 3
15 18 1
23 1 5
17 17 3
7 11 3
16 19 5
2 4 5
16 18 3
18 22 3
12 13 3
3 5 4
13 16 5
1 2 3
0 2 1
8 10 2
3 4 4
0 2 1
13 15 3
0 2 4
11 14 3
4 7 3
11 15 3
11 15 5
2 4 5
13 17 1
8 11 3
1 6 2
1 3 2
0 4 3
13 15 4
19 22 1
12 14 4
13 15 1
22 1 1
3 5 3
19 21 3
5 8 2
21 23 5
5 9 1
4 6 5
18 21 3
9 13 5
19 23 2
7 10 3
16 20 1
14 17 2
14 18 3
11 13 5
19 23 4
10 13 4
7 10 4
5 8 5
11 14 3
9 12 1
1 5 3
6 8 1
11 14 3
12 15 1
0 3 5
7 11 3
20 22 2
3 6 5
12 14 2
13 17 5
8 10 5
22 23 1
2 3 4
6 11 3
20 23 5
23 3 1
1 2 4
21 23 2
17 20 5
23 2 3
14 18 3
18 23 5
9 10 2
17 20 2
7 11 4
14 17 3
8 11 4
20 22 5
15 19 3
9 12 2
12 15 3
10 15 5
14 18 2
5 9 2
15 17 4
7 11 5
18 21 2
11 13 5
5 8 2
20 23 1
4 7 4
14 17 1
15 18 1
6 11 1
16 18 3
2 6 3
14 18 5
23 2 4
17 22 5
16 19 2
11 14 4
3 6 4
13 16 2
6 7 1
0 2 5
11 16 1
2 5 3
8 12 3
3 6 2
19 21 1
4 9 1
10 14 1
15 19 2
19 21 1
17 21 3
4 7 5
15 18 3
5 8 2
7 11 3
8 10 5
11 13 5
0 2 2
17 18 1
7 10 2
10 14 5
17 20 1
9 12 5
1 5 2
10 12 4
9 12 3
23 1 4
8 11 2
5 8 2
20 22 5
23 3 4
7 11 2
7 9 2
22 1 1
12 16 1
5 7 4
5 8 2
16 18 5
7 10 4
8 12 5
14 18 2
21 23 1
7 9 5
22 1 4
23 1 4
4 7 2
1 4 4
10 13 4
23 2 1
23 4 3
4 10 3
10 14 3
10 14 2
17 20 1
20 0 2
5 8 5
8 12 3
15 17 2
7 10 5
11 14 4
8 11 5
10 14 4
3 6 4
1 3 3
10 13 2
1 3 5
23 1 1
21 0 2
8 11 3
22 0 5
21 0 4
2 5 2
22 1 4
18 21 5
16 19 1
20 20 4
19 22 2
1 4 5
18 22 5
13 15 2
0 2 5
12 15 1
1 3 5
13 15 1
12 14 2
19 21 3
4 5 5
9 14 2
18 21 2
11 15 4
14 17 5
20 22 5
16 19 3
23 2 3
16 19 3
15 17 2
6 9 4
19 21 4
23 2 1
18 21 5
20 0 3
5 8 1
23 1 3
20 23 2
9 11 1
0 4 1
21 22 3
16 18 5
1 5 3
7 12 3
15 18 2
17 20 5
14 18 4
3 6 2
8 11 3
0 2 5
2 5 3
23 1 4
22 3 1
19 23 1
1 3 5
10 13 5
23 3 3
0 3 5
17 20 5
18 20 4
21 0 3
8 11 2
11 14 4
9 12 3
8 11 4
22 0 5
4 8 1
17 21 1
14 18 4
19 22 2
17 20 5
15 17 2
12 15 5
10 13 4
17 20 3
7 9 3
9 13 4
21 22 1
3 8 5
21 23 1
10 13 3
2 7 3
8 9 5
11 15 5
20 0 5
12 13 3
15 19 3
14 17 5
16 19 2
4 8 5
16 18 1
11 14 5
11 14 3
23 1 3
2 4 3
16 19 2
7 10 5
11 14 1
3 8 1
10 14 5
20 0 2
15 19 3
2 7 1
1 3 3
2 3 4
14 16 3
19 22 5
21 1 2
22 2 3
5 7 1
11 14 5
1 5 1
15 17 2
11 14 4
0 1 4
6 11 2
9 12 5
20 1 4
0 3 3
2 6 5
12 15 4
23 2 3
5 8 4
4 6 2
10 13 1
8 11 4
18 19 3
20 23 1
10 12 4
13 16 4
6 10 5
16 18 4
4 6 3
15 16 5
13 16 2
18 20 2
1 5 3
19 22 4
14 18 5
3 6 2
4 7 5
3 6 5
2 5 5
1 5 4
16 17 1
22 2 3
13 18 1
3 6 1
16 19 4
2 5 3
0 3 3
14 18 2
17 19 2
10 12 5
1 5 4
18 21 5
1 1 3
6 9 5
18 20 1
11 13 3
0 2 2
15 18 2
20 23 3
5 7 3
9 12 3
2 4 5
10 13 1
8 12 3
10 13 4
8 11 3
0 4 3
8 11 2
22 0 5
1 5 3
17 21 1
4 8 2
0 1 1
12 15 2
5 9 2
18 20 1
2 4 1
15 18 4
11 13 4
14 16 2
23 1 1
4 7 5
18 21 4
17 19 2
8 10 4
3 6 1
11 14 4
8 9 1
20 0 5
11 14 1
0 2 2
0 3 3
23 1 1
3 6 3
16 20 2
4 5 5
22 0 1
3 5 2
17 20 5
1 3 5
2 5 2
17 19 2
6 9 1
6 10 5
6 10 2
14 16 1
0 3 4
21 23 2
4 6 5
1 3 5
0 4 5
22 0 4
21 0 3
13 17 5
19 22 5
10 13 2
7 10 5
3 7 3
12 15 1
21 23 5
20 22 3
12 16 1
17 21 2
3 6 2
5 8 1
14 17 4
7 9 1
14 15 4
17 19 2
7 9 3
4 7 2
12 15 3
13 17 3
17 18 4
22 1 3
20 0 2
2 6 4
16 19 5
16 19 5
19 22 4
23 1 1
21 2 5
19 21 3
7 9 2
1 4 3
16 19 3
21 2 5
10 14 2
7 10 1
22 2 3
20 1 1
14 15 5
22 23 5
5 9 2
14 18 1
3 6 1
7 10 2
15 19 5
8 11 3
22 2 4
22 22 4
17 20 5
9 10 4
23 3 2
17 19 2
20 1 1
5 8 3
12 14 1
5 8 2
8 11 2
12 16 4
18 21 1
1 3 3
19 21 4
11 13 2
11 15 5
7 11 3
0 4 5
15 17 1
1 4 1
11 14 2
18 22 2
17 19 2
21 0 1
12 15 3
13 16 2
10 14 1
22 1 1
0 3 1
7 11 5
23 2 2
0 4 5
6 9 2
22 22 5
8 11 5
19 22 5
9 10 5
21 0 4
16 18 2
17 20 3
22 1 3
14 17 1
14 16 1
13 15 2
17 20 2
3 6 3
19 23 4
14 18 5
23 0 2
19 22 5
17 19 3
13 17 4
17 20 5
4 8 5
20 0 4
1 4 2
11 14 1
13 17 5
1 4 3
15 20 1
17 19 5
9 13 2
0 1 1
2 5 2
7 10 5
13 17 3
2 5 3
0 3 4
4 6 4
14 17 4
18 23 3
3 6 3
0 0 3
16 17 3
23 1 4
20 0 3
11 13 1
23 2 2
4 7 1
16 19 4
13 18 5
20 22 1
21 0 1
5 9 4
2 4 1
20 0 5
21 0 2
0 4 5
23 1 4
8 11 3
18 20 4
12 16 5
22 1 1
8 11 5
14 17 3
14 17 5
6 8 2
10 12 4
22 1 2
4 7 1
10 14 3
8 11 1
17 22 3
2 4 5
5 7 4
1 3 5
23 0 5
15 18 4
4 6 1
6 9 3
10 13 2
7 10 3
16 21 3
3 6 5
7 10 4
12 15 4
3 6 2
13 17 3
13 16 2
12 16 1
12 14 5
7 9 3
22 0 1
2 5 5
22 1 3
20 1 4
5 7 3
20 0 3
4 7 1
2 3 3
5 7 2
23 2 2
14 19 3
9 11 4
3 7 2
21 0 3
7 10 1
9 11 2
7 10 3
23 3 5
5 9 3
11 14 5
23 3 5
13 18 5
21 23 4
9 12 4
21 0 5
20 23 1
3 7 5
15 18 1
21 1 5
21 23 4
2 6 1
17 22 5
7 11 5
17 20 4
3 7 5
9 14 1
5 9 2
2 5 5
3 4 2
12 16 5
1 5 3
5 8 2
5 8 4
19 21 5
8 11 1
19 22 5
6 11 2
16 20 1
3 6 5
22 1 3
14 17 4
2 3 4
12 15 4
18 20 1
9 12 1
4 6 4
21 23 5
14 17 5
0 3 1
18 20 3
22 1 1
8 13 4
2 3 2
0 3 4
13 16 1
3 6 5
9 12 5
10 12 4
2 6 5
16 19 1
11 15 4
22 1 3
2 4 1
23 1 1
6 10 1
12 15 1
8 11 3
18 22 5
22 23 1
7 12 1
1 4 3
16 19 1
1 4 4
10 14 4
0 3 1
0 5 2
4 7 4
12 13 1
11 14 5
2 5 4
16 18 5
6 9 4
11 14 5
0 3 3
13 17 5
7 10 4
23 3 3
12 14 5
18 21 5
14 17 2
17 19 5
1 5 2
5 7 2
4 8 1
13 16 2
12 16 3
9 11 3
6 10 1
8 10 2
0 5 2
6 8 4
19 21 2
8 10 2
19 23 3
4 8 4
15 18 5
19 23 2
10 11 1
8 9 4
20 0 2
0 5 2
10 12 3
7 12 3
12 15 4
21 23 2
13 16 2
17 21 4
1 4 5
13 16 4
21 23 2
23 2 4
19 22 3
5 9 3
7 9 1
9 12 3
5 8 3
0 2 1
5 8 2
11 14 2
14 17 2
9 12 4
10 14 3
23 1 4
2 4 3
11 14 5
7 9 1
17 19 3
12 14 4
5 8 4
10 11 3
9 10 1
5 9 2
11 13 5
10 12 1
19 21 4
11 15 1
10 13 5
16 20 3
21 0 2
5 9 2
5 8 4
14 17 4
7 10 5
16 20 3
21 23 5
13 17 2
1 4 3
13 18 4
19 21 1
1 4 5
6 10 2
12 15 2
3 5 2
10 12 3
3 5 5
12 16 5
19 21 2
7 6 4
23 2 2
6 8 1
23 2 4
5 8 3
21 23 3
15 18 4
0 4 1
14 17 1
9 13 5
11 14 1
7 12 2
4 7 1
17 19 3
21 1 2
4 8 2
2 3 4
19 22 2
13 15 2
7 10 1
2 6 2
15 16 5
11 14 3
6 10 3
4 6 5
23 1 5
20 0 4
21 23 5
2 5 2
21 23 3
17 21 5
19 22 1
7 9 2
7 12 4
19 22 1
13 18 1
11 14 3
16 19 4
1 4 2
14 18 2
