1100 50
19 2 12 1 10 17 32 19 28 15 21 6 9 4 38 33 44 3 32 14 23 35 9 18 4 2 44 44 23 42 32 12 20 36 37 40 29 28 23 35 28 20 6 33 41 35 10 40 9 43 
14 20 45
8 10 38
12 16 22
16 18 1
13 14 18
6 8 1
5 8 5
4 5 18
2 6 49
11 13 36
8 11 6
3 8 24
6 10 1
1 5 44
4 7 5
12 15 43
13 16 32
9 11 20
14 16 33
23 2 32
7 11 39
2 5 2
18 20 5
16 20 27
5 6 41
5 8 28
22 0 27
15 18 12
9 11 9
13 17 20
23 2 22
16 21 23
2 6 19
22 0 27
18 20 29
20 0 22
9 14 5
22 2 26
20 23 16
17 19 44
21 1 6
11 14 18
19 23 6
20 23 2
10 13 7
23 2 32
23 1 44
10 13 26
6 8 2
18 23 42
2 3 7
4 9 3
20 23 49
17 21 10
3 7 28
23 2 45
7 10 33
20 0 40
5 7 26
16 19 35
6 9 25
0 4 49
8 10 25
3 7 50
21 22 4
21 0 20
7 9 46
14 15 40
4 9 37
7 10 24
4 7 43
6 11 45
1 4 35
5 8 46
20 23 1
18 20 6
8 11 49
6 10 19
16 18 5
2 4 25
18 20 43
8 11 28
20 0 35
13 15 15
22 0 25
11 13 18
14 17 2
21 0 8
7 12 12
7 9 5
20 0 12
7 11 23
12 14 50
23 2 40
7 11 31
17 20 9
7 9 20
22 1 10
23 4 22
17 20 27
2 4 26
13 15 33
9 12 41
14 18 21
10 13 47
17 20 44
9 11 19
21 1 40
2 3 27
17 21 40
10 12 22
13 16 7
18 21 4
1 4 46
19 22 4
17 21 32
18 19 29
19 22 25
4 7 24
5 9 30
22 0 34
23 1 31
9 13 22
10 11 5
14 17 3
1 3 12
12 16 33
16 19 7
6 10 41
17 20 12
13 16 42
2 5 38
9 13 45
17 20 42
11 13 4
16 19 3
6 9 22
18 21 48
7 9 38
9 12 17
12 14 27
17 20 43
8 12 14
17 19 10
19 0 39
10 14 23
8 11 5
6 10 13
19 23 14
2 4 8
15 20 3
4 8 46
1 3 47
19 21 36
21 0 44
4 7 9
22 23 37
10 15 35
11 14 38
11 15 2
10 12 13
10 12 48
7 9 19
19 22 7
2 5 42
13 14 22
10 14 19
17 22 6
12 15 41
8 10 27
1 5 13
19 0 39
8 12 42
19 22 30
15 18 5
21 0 25
9 11 10
7 11 50
20 21 23
10 12 16
9 12 27
5 9 9
22 1 36
10 14 10
21 1 49
22 0 16
16 18 29
22 0 3
15 18 10
7 12 24
16 18 49
5 8 29
7 12 19
5 8 21
13 15 15
14 16 40
22 1 45
3 6 18
13 16 49
3 7 1
13 16 6
9 12 19
20 0 6
17 20 26
2 4 18
19 22 32
6 8 39
17 19 30
8 12 49
6 10 44
14 17 26
11 13 21
5 8 20
9 12 25
0 3 19
8 11 36
3 6 28
2 6 9
12 15 26
0 3 49
17 20 32
19 21 41
5 10 18
8 10 32
13 16 43
8 14 32
22 2 6
8 8 18
7 10 26
7 10 49
12 15 8
21 22 33
16 19 27
10 14 3
8 11 8
0 3 18
11 15 40
11 14 41
4 6 26
5 9 5
7 11 1
4 6 39
16 20 48
5 8 12
20 0 2
10 14 2
0 5 12
15 19 4
10 12 10
9 12 48
18 22 43
16 20 25
13 16 4
20 23 12
1 3 13
17 20 44
6 9 49
20 23 6
19 21 37
17 21 31
19 23 20
15 16 16
13 16 40
8 10 46
2 3 29
5 6 42
7 10 10
21 0 5
8 11 10
9 12 17
10 12 22
23 1 43
23 2 5
20 0 12
6 10 34
13 15 13
22 0 4
7 11 17
13 15 25
2 6 50
23 3 5
4 7 18
7 9 30
4 7 38
10 11 27
20 22 19
9 11 33
17 18 30
22 1 49
4 8 31
12 16 36
9 13 21
21 0 48
21 23 38
15 19 31
9 13 34
10 14 29
17 21 36
3 6 3
0 2 47
10 12 22
6 10 15
2 4 46
7 11 29
11 13 37
12 16 34
11 14 46
5 8 5
18 20 10
20 23 18
22 3 32
4 8 3
19 21 9
3 8 7
6 7 21
7 10 25
18 22 6
13 16 39
22 2 4
21 0 15
13 17 5
18 21 47
1 6 40
6 8 45
4 8 17
3 6 4
2 5 19
7 10 10
3 5 20
22 23 5
11 13 42
10 13 49
2 5 17
0 3 19
7 8 44
21 22 44
12 15 6
6 9 24
11 13 38
2 6 48
19 21 18
2 4 50
6 8 20
20 0 17
6 9 15
20 22 34
0 3 8
11 14 13
15 17 5
5 6 44
15 20 46
12 14 21
3 6 18
6 7 4
2 5 50
22 1 41
20 23 35
13 16 48
5 8 19
22 2 44
7 10 41
23 1 34
13 15 2
14 18 31
1 6 49
9 13 32
21 22 26
22 1 12
14 15 49
7 10 15
4 8 6
10 12 46
17 21 32
17 20 46
12 14 18
0 4 4
22 2 4
11 12 27
22 23 18
11 13 11
3 7 21
22 0 22
15 19 30
17 21 25
14 18 45
0 4 49
0 3 30
20 23 37
2 5 14
3 5 8
19 23 28
3 6 16
18 20 29
2 3 46
20 23 43
13 16 5
12 15 2
12 14 8
1 3 9
7 9 29
20 0 45
22 1 41
11 15 3
5 9 9
2 6 27
5 8 24
17 20 40
4 7 14
3 5 45
15 18 20
17 20 18
19 22 26
21 2 39
14 18 20
7 10 38
15 18 24
7 10 28
22 1 5
22 3 48
22 1 11
21 1 33
8 11 23
0 1 7
12 16 3
19 0 43
22 0 19
1 5 35
17 21 42
6 9 10
13 17 10
18 21 24
15 19 8
21 0 36
5 9 50
23 2 46
18 21 1
11 14 49
7 11 27
5 7 41
14 15 3
23 2 11
20 1 4
15 20 8
0 5 38
23 1 2
9 10 3
23 1 43
21 22 14
6 8 37
11 14 19
8 11 6
2 5 8
22 0 16
22 0 48
18 21 23
7 10 45
0 3 41
19 20 50
19 22 7
12 14 32
18 20 46
18 20 14
19 22 36
15 17 48
17 20 16
20 0 36
20 0 36
14 18 18
18 21 12
10 13 50
2 6 18
8 11 11
15 18 8
17 20 46
11 13 46
0 3 21
21 2 28
4 5 20
5 9 41
3 6 49
5 7 33
16 21 38
13 16 20
16 18 3
19 23 26
16 19 22
2 6 33
20 22 8
2 5 39
9 13 22
8 12 31
4 7 24
15 19 20
12 16 16
2 5 32
23 1 20
7 10 15
17 19 46
11 15 4
19 22 40
20 23 17
6 8 39
9 11 21
5 8 50
3 3 10
18 21 50
14 18 20
10 12 47
0 3 50
11 14 48
8 10 24
11 14 8
7 9 50
8 10 43
10 12 9
5 7 39
4 7 2
11 16 21
9 11 19
2 4 42
1 5 50
1 5 16
15 17 43
14 16 9
16 21 48
2 5 16
18 20 48
2 5 47
19 22 46
9 13 6
11 13 42
7 11 36
1 3 12
8 12 15
12 16 43
16 18 26
5 8 40
15 18 43
20 21 14
2 6 46
17 19 40
14 17 24
19 21 38
2 3 14
9 11 30
6 9 37
3 6 19
2 4 38
12 14 19
19 23 36
0 2 36
23 0 12
23 2 10
9 11 4
8 9 22
10 14 32
2 6 15
18 19 16
6 9 30
6 10 48
9 11 30
1 4 19
23 4 45
5 8 27
21 23 23
9 13 4
15 18 47
6 8 17
23 2 50
9 11 41
10 14 9
22 0 34
10 12 48
1 6 18
6 9 35
14 16 31
1 5 6
21 1 10
16 19 39
8 10 34
21 0 14
5 10 23
9 12 1
14 18 43
17 19 34
22 0 33
18 21 17
23 3 31
6 9 23
6 10 5
3 7 17
11 15 24
0 3 29
10 14 41
6 10 31
9 11 6
23 0 48
23 1 30
20 23 48
2 4 5
13 17 21
12 17 24
7 10 47
14 16 9
17 19 42
6 9 8
4 7 3
17 20 9
0 2 42
15 18 16
6 9 32
8 11 33
15 15 37
5 9 20
3 4 37
4 7 43
3 8 5
20 23 37
22 2 48
5 7 32
16 19 50
2 3 20
22 23 47
18 21 34
13 14 16
3 5 1
10 14 43
16 18 14
11 13 22
7 11 12
8 12 19
0 6 15
22 0 21
13 15 5
19 22 48
3 6 21
0 3 45
12 14 17
13 18 15
18 22 20
15 18 9
6 11 19
13 17 48
10 13 47
8 11 14
16 20 23
22 2 42
10 12 48
2 6 27
20 23 31
22 1 32
18 21 31
8 12 50
17 20 17
18 0 6
10 12 15
22 2 8
22 0 5
9 14 17
5 8 44
23 2 3
7 10 5
15 18 31
12 13 33
1 4 49
21 1 15
14 17 25
0 2 22
14 17 33
15 18 49
8 10 37
1 5 10
20 23 41
9 11 47
15 18 45
0 4 12
18 21 49
19 23 21
8 12 24
5 9 26
20 0 9
13 16 45
4 8 19
20 21 42
16 21 12
9 13 34
23 2 4
6 9 41
1 4 37
1 5 21
16 19 5
23 3 3
20 21 27
2 6 48
22 0 28
13 15 15
22 2 23
22 23 20
20 22 12
19 22 13
13 16 25
9 10 41
6 8 31
1 3 12
5 9 10
22 2 24
23 1 14
15 18 9
5 9 3
9 12 49
22 1 43
12 15 29
21 1 28
3 7 5
8 11 14
22 2 44
19 23 46
7 10 19
19 0 31
20 0 49
19 21 2
22 2 26
12 15 15
15 18 3
12 13 32
7 10 40
6 7 22
19 21 29
5 8 41
5 9 48
3 6 29
15 18 35
4 8 5
18 21 15
8 13 11
23 2 2
13 18 42
0 2 13
8 11 40
15 19 46
7 9 21
1 5 40
11 14 47
2 5 45
9 12 9
14 18 50
11 15 25
21 23 25
17 19 15
15 18 4
14 16 46
1 3 32
4 7 31
5 9 25
20 23 3
17 20 18
21 0 11
5 9 34
14 18 18
21 0 7
6 10 6
13 16 31
20 22 49
5 7 20
4 7 8
13 16 7
18 22 30
20 23 26
20 23 20
1 2 32
18 20 19
23 2 32
4 7 49
22 3 38
18 22 18
16 21 29
1 5 13
18 21 30
4 6 13
12 15 14
20 22 32
16 18 38
4 7 30
12 14 8
12 15 38
4 6 13
5 8 13
21 0 32
4 8 46
11 14 6
0 4 38
14 16 12
21 22 3
20 0 19
17 20 13
20 23 45
19 0 29
14 16 50
1 4 5
7 9 22
21 1 14
2 5 23
4 8 12
14 17 4
5 10 18
23 1 10
22 3 50
21 1 17
1 4 47
3 8 35
7 10 9
19 21 10
17 21 41
1 6 37
5 7 6
20 23 25
14 18 7
14 16 27
2 6 39
18 20 17
12 15 7
0 1 50
4 7 14
12 14 21
16 20 24
20 21 24
12 14 16
0 3 33
12 15 27
14 16 47
12 14 27
23 2 5
7 10 39
0 3 33
8 10 33
12 17 25
23 2 6
22 0 21
6 9 17
14 18 19
9 13 35
11 16 36
19 22 30
4 7 34
17 19 34
18 21 29
13 15 20
6 9 44
1 4 12
0 3 4
1 3 5
19 22 44
15 19 22
17 21 31
17 20 36
17 19 23
22 2 22
19 23 35
20 23 7
8 11 38
18 21 11
6 8 14
7 10 36
1 4 9
10 14 8
20 21 20
22 1 20
21 23 46
18 22 29
14 17 24
23 3 24
2 3 4
8 9 6
12 15 24
8 12 6
23 3 5
15 18 22
10 14 24
17 22 33
12 14 42
16 19 9
8 9 25
19 22 20
22 1 24
1 5 46
16 17 34
10 15 38
9 13 34
5 9 28
16 19 10
10 11 9
21 0 3
8 11 38
16 18 41
19 0 7
12 14 8
3 6 36
14 18 41
13 17 27
1 4 6
3 6 4
18 21 48
5 9 46
12 15 14
2 5 36
1 4 39
14 18 1
14 17 1
20 23 46
2 6 24
2 1 29
15 17 2
6 10 7
4 7 8
11 15 26
22 1 28
15 18 4
16 20 19
21 0 37
10 14 40
22 4 32
10 13 9
16 20 10
16 19 2
22 2 23
22 1 41
3 6 45
12 16 38
4 6 29
19 23 28
4 9 23
3 7 7
12 14 18
19 22 29
20 0 32
7 9 39
15 19 4
15 18 35
7 11 41
5 8 44
19 22 35
14 16 24
10 13 29
3 6 2
7 12 32
18 19 2
8 12 20
7 10 8
2 5 23
19 21 50
22 0 8
1 4 43
2 5 29
14 17 41
12 16 9
16 18 22
11 15 50
22 1 16
16 17 21
15 17 3
16 20 9
0 5 43
20 0 25
6 10 16
10 12 15
5 7 24
7 11 26
23 1 12
18 22 5
1 4 36
11 13 19
6 10 28
23 3 49
0 2 15
14 17 34
5 10 10
14 16 3
22 0 29
3 7 5
12 16 1
3 5 25
15 17 1
11 13 23
16 19 1
9 13 45
15 18 35
1 5 19
0 5 49
22 2 18
11 12 21
4 9 24
5 8 33
14 17 25
17 20 29
18 20 39
8 11 7
2 6 13
1 3 49
8 11 7
1 6 38
15 18 4
1 4 9
6 9 32
3 7 50
3 6 30
15 17 44
12 14 10
7 13 25
4 9 39
1 5 30
15 18 27
11 15 2
0 1 15
14 19 16
7 10 2
22 0 44
12 16 33
16 18 23
0 2 16
21 23 44
9 13 26
16 20 47
19 20 17
10 13 43
1 3 15
12 16 9
6 9 47
16 18 25
6 9 29
4 6 38
4 8 43
19 21 4
21 0 39
12 14 28
2 5 37
6 9 29
16 19 39
17 18 21
18 20 34
20 23 25
3 6 22
5 8 30
22 1 21
11 15 3
13 17 12
22 2 24
21 0 9
4 7 31
17 22 20
2 5 1
11 13 37
14 18 1
14 18 32
13 15 16
14 18 22
22 4 10
20 22 4
17 21 43
6 7 31
23 2 29
7 11 7
12 14 34
16 19 2
1 5 36
12 14 47
12 16 43
5 7 28
19 22 40
14 16 22
15 17 18
14 18 44
15 17 33
1 5 11
8 12 28
4 8 35
18 20 10
18 20 43
9 11 36
12 16 43
19 22 36
2 5 31
2 4 42
1 5 11
13 18 36
17 20 38
3 5 31
16 19 30
22 0 32
12 14 44
3 7 22
0 3 20
1 2 33
6 11 4
1 3 48
17 20 35
8 10 48
8 9 40
11 15 19
21 3 29
18 21 42
