1300 90
19 37 21 43 63 21 11 64 28 76 59 53 81 3 59 14 73 89 20 33 76 83 11 82 27 77 54 86 62 31 59 25 89 34 18 55 27 28 72 3 55 42 52 55 33 75 55 7 49 81 76 3 68 66 71 23 57 1 68 42 9 72 40 34 47 49 86 81 82 71 29 3 58 43 42 22 55 85 51 58 67 29 27 48 55 34 50 54 78 41 
21 23 85
11 12 65
7 11 18
1 6 29
9 11 55
0 3 86
18 20 41
9 12 77
22 0 88
17 21 37
12 15 65
15 18 15
14 17 38
21 0 45
15 16 22
1 2 84
5 9 27
5 9 50
0 3 65
13 17 47
15 15 66
9 14 8
15 18 37
16 19 76
12 16 40
9 13 31
14 18 14
3 5 9
17 18 87
16 19 48
13 17 59
9 10 70
18 0 75
7 9 58
20 22 26
12 16 11
16 19 87
7 9 74
7 12 69
10 13 69
12 15 78
20 23 38
4 6 67
17 20 58
13 16 41
5 9 59
2 5 16
16 19 49
23 2 26
18 22 17
9 11 36
8 12 15
22 1 23
14 17 75
4 7 29
20 23 89
17 21 14
17 22 30
10 13 63
20 22 22
21 23 61
14 17 1
0 4 55
20 22 65
5 10 11
15 19 56
17 21 84
12 16 11
5 8 82
16 18 16
1 5 3
4 9 83
1 2 27
2 4 28
15 18 52
0 2 10
18 22 12
20 1 43
22 1 21
19 22 6
9 11 89
17 19 37
6 7 24
11 14 64
6 11 81
21 23 32
19 23 69
7 10 40
17 18 87
8 11 77
1 3 20
23 2 39
17 21 10
5 8 2
20 21 74
1 4 51
17 19 61
1 4 20
12 15 76
1 3 8
19 21 4
0 3 32
21 23 40
19 21 45
2 6 53
2 3 76
20 22 18
0 4 36
2 5 81
3 5 8
15 18 9
5 8 8
6 8 44
21 23 58
6 9 46
22 1 86
5 7 24
22 3 82
3 6 56
22 1 50
11 14 16
5 6 81
20 23 34
14 16 41
22 2 62
6 9 67
6 8 67
17 20 1
14 17 2
2 4 69
8 12 47
7 9 85
16 20 42
10 13 18
16 20 36
20 0 11
22 0 80
14 17 86
8 11 56
5 9 85
15 18 69
19 22 53
9 12 77
4 6 70
5 8 80
2 5 32
16 19 36
11 13 46
20 1 45
20 21 58
0 2 56
15 18 26
16 17 46
17 22 8
2 4 11
7 10 42
13 17 25
2 6 61
10 13 65
20 23 85
23 2 40
12 14 25
7 10 29
13 15 89
19 0 51
10 13 87
1 4 90
19 22 42
5 9 9
23 3 40
2 5 80
16 19 25
15 18 78
11 13 2
12 15 48
14 16 36
5 8 27
21 1 7
5 10 74
21 1 28
3 7 40
10 14 38
16 19 6
20 22 9
15 18 87
0 1 71
9 10 43
7 11 18
15 18 45
11 13 41
23 23 64
4 9 7
5 9 53
4 8 33
23 3 2
1 5 27
12 15 75
13 14 27
17 20 32
17 22 72
16 20 1
13 18 40
0 4 26
13 17 42
6 8 56
14 16 6
17 20 63
11 15 49
23 2 68
20 23 38
10 14 46
14 17 6
23 3 86
10 13 50
1 3 32
2 7 75
9 11 26
17 21 45
1 4 10
13 19 68
15 17 28
22 3 89
13 17 56
18 21 42
17 20 55
14 18 22
13 15 21
3 5 35
4 8 38
16 18 17
13 15 27
17 19 9
10 12 59
18 21 42
13 14 6
15 19 87
3 8 2
19 20 5
17 20 72
17 19 53
14 18 13
10 11 43
8 9 49
1 4 57
9 11 36
21 0 33
17 20 44
2 5 42
16 19 85
3 7 46
14 16 27
15 20 8
1 2 4
9 11 21
10 13 61
23 1 78
3 6 15
7 11 43
3 7 12
13 17 63
18 20 14
18 23 19
8 10 19
9 10 12
0 4 21
12 16 89
9 11 36
4 7 73
4 6 11
21 0 60
11 13 63
23 1 23
23 2 49
19 21 28
16 18 65
0 4 26
17 19 77
17 20 41
10 14 8
18 21 74
12 15 4
17 19 73
4 9 78
18 20 55
7 10 16
12 17 2
18 20 85
6 9 67
9 11 66
9 13 15
11 13 87
0 6 19
22 2 17
12 15 37
8 10 41
16 18 34
3 4 52
21 1 37
2 6 75
6 8 20
1 5 14
15 19 16
12 14 46
21 0 83
14 17 81
23 1 69
3 6 34
16 18 3
21 0 69
22 1 24
1 3 12
21 23 25
0 2 13
10 13 66
4 8 17
1 3 22
2 4 45
17 21 6
11 16 67
21 0 57
11 15 84
19 22 64
3 7 35
6 7 12
5 7 70
17 21 77
21 22 62
15 17 69
5 8 8
6 7 20
10 13 28
12 15 19
8 12 1
23 1 14
17 21 24
2 4 65
16 17 30
20 22 35
15 18 64
1 5 4
4 7 72
20 23 85
15 15 11
0 6 76
22 1 90
21 0 76
4 9 19
18 21 3
6 9 2
11 13 30
22 1 12
19 23 67
12 14 29
21 23 88
23 1 77
8 11 61
15 18 66
11 12 39
21 1 5
14 17 50
10 12 10
3 8 80
4 8 88
7 10 55
15 17 66
23 3 28
2 5 19
9 12 33
15 19 16
18 21 6
8 10 80
8 11 21
21 22 55
11 14 78
11 13 64
1 3 10
13 16 26
15 18 46
2 4 46
4 8 38
2 4 36
23 1 82
1 5 36
5 9 89
13 18 19
22 1 51
8 11 50
2 5 7
6 12 19
19 22 45
22 1 3
20 22 79
8 12 7
6 11 26
14 17 40
14 17 22
15 17 59
3 5 80
21 2 44
4 8 23
9 12 4
5 9 74
17 21 85
15 20 70
6 8 7
5 10 19
2 6 6
10 13 41
17 20 55
6 9 90
19 22 77
12 15 33
3 6 1
19 22 5
6 9 27
15 17 81
21 23 72
2 4 89
9 11 5
11 14 74
19 21 38
23 1 84
4 7 49
23 3 68
23 1 27
14 19 71
14 16 72
0 1 9
11 13 46
0 3 54
22 2 80
14 17 18
1 4 60
1 3 90
8 11 90
8 13 19
3 5 30
4 8 23
21 0 27
20 23 90
16 18 84
21 2 69
20 0 21
0 2 39
0 2 10
8 12 60
21 1 4
9 12 58
11 16 24
19 21 33
4 8 37
23 2 51
21 0 5
16 17 24
8 10 36
6 9 71
18 23 47
1 5 25
10 13 73
13 16 31
22 0 17
16 19 63
2 5 7
7 10 1
10 14 47
1 4 16
17 21 17
0 2 10
12 15 58
17 18 77
18 21 13
18 21 90
21 0 22
0 2 34
5 8 37
5 9 52
20 0 7
3 6 35
19 22 86
11 13 27
3 6 6
21 1 11
14 16 35
23 1 85
16 21 41
4 6 4
11 14 27
3 5 32
22 2 19
18 21 63
4 7 62
18 21 13
7 9 65
18 21 43
0 3 38
8 11 1
7 12 50
20 23 5
5 8 23
21 23 88
2 6 39
8 11 23
1 5 33
22 2 50
18 21 63
12 15 20
20 22 2
12 14 50
15 18 27
8 11 12
10 15 8
16 21 54
20 1 25
10 13 61
14 17 83
5 7 28
16 20 16
3 8 25
4 10 73
17 19 2
1 4 62
12 16 84
23 5 37
15 19 54
17 20 13
9 12 63
20 23 3
5 7 34
10 14 82
6 10 8
2 5 48
18 21 19
19 21 12
6 9 32
6 9 49
13 14 57
15 20 4
17 19 55
19 21 24
13 16 18
5 8 69
7 10 42
8 11 13
16 20 79
9 12 17
1 4 78
2 5 82
4 8 8
16 20 59
20 0 63
4 8 19
9 13 13
13 15 31
19 21 15
12 16 43
3 6 74
13 16 60
18 20 46
15 18 77
3 6 32
4 7 68
16 19 20
14 18 24
16 20 23
17 20 7
20 22 35
15 19 45
0 4 58
9 12 1
3 6 10
17 19 36
8 12 29
19 22 86
23 1 15
10 15 9
12 15 73
20 0 54
11 14 56
16 18 22
22 3 30
20 23 15
11 13 43
17 20 56
6 10 76
19 21 41
15 18 41
16 18 51
4 8 70
3 6 61
10 11 58
6 7 49
0 1 23
19 23 23
8 11 60
2 6 39
7 10 90
18 20 31
0 3 19
0 5 32
14 16 47
1 5 85
23 3 83
15 18 29
19 23 35
16 19 85
10 12 48
6 8 3
8 11 61
0 4 27
12 14 34
12 14 58
18 23 54
16 21 24
22 1 25
10 12 86
1 5 86
8 12 6
17 18 72
0 3 41
5 7 67
18 21 66
16 21 85
2 7 36
0 4 79
11 14 2
22 2 46
9 13 61
0 2 90
19 23 72
4 6 7
0 2 53
22 1 8
2 6 4
5 8 16
21 2 69
20 22 86
23 2 72
9 10 41
9 12 6
17 20 79
16 18 63
13 18 34
5 8 68
19 22 27
6 11 27
2 7 33
14 17 21
18 20 44
5 7 82
20 23 22
13 17 43
22 1 30
15 18 47
8 10 69
19 21 65
0 5 15
0 4 84
17 22 23
5 10 16
8 11 70
18 21 17
5 7 37
3 7 79
5 9 82
4 7 87
17 21 27
5 8 37
10 14 20
6 10 59
13 16 28
15 18 18
22 0 13
4 6 61
1 5 59
2 5 55
13 15 45
13 16 64
3 8 15
17 19 32
15 18 39
20 0 62
11 12 67
1 4 64
18 20 13
8 12 54
16 19 5
2 5 61
18 21 76
7 11 52
20 0 87
21 0 22
16 17 56
20 23 61
11 12 73
6 9 57
17 19 42
16 21 90
8 12 35
11 15 45
12 14 68
15 16 49
11 13 11
23 3 23
1 7 80
3 7 57
17 22 86
16 18 56
13 16 66
0 3 50
17 18 57
20 23 40
17 20 75
12 15 90
22 2 28
23 4 10
17 21 23
3 6 21
20 0 19
3 6 1
11 15 64
11 14 8
14 17 54
23 3 46
19 22 55
13 16 23
15 17 6
3 6 27
1 4 47
11 16 61
8 9 27
13 16 8
7 10 11
14 17 32
2 4 48
3 4 73
4 7 56
15 18 39
16 20 66
12 15 49
23 3 90
9 12 21
2 5 53
20 0 36
12 14 25
19 23 21
22 3 18
3 7 12
19 23 40
2 5 86
2 4 45
12 17 23
2 6 63
5 7 90
12 13 56
7 8 3
6 7 16
14 16 37
3 7 17
10 13 23
4 8 36
10 13 27
9 12 20
5 9 2
18 20 41
11 13 5
8 13 70
4 7 36
12 13 55
22 2 19
11 13 76
16 18 77
8 13 76
8 12 24
17 21 41
11 14 32
17 19 90
14 17 17
1 5 52
6 9 1
18 22 9
2 6 4
8 11 77
0 2 25
22 0 77
23 1 28
12 16 40
22 3 23
18 21 55
20 23 46
20 23 24
16 19 18
22 3 22
0 4 84
6 10 64
23 1 12
18 21 52
20 1 59
20 0 43
22 23 17
21 22 67
1 5 13
1 4 28
10 13 57
20 23 19
6 10 69
15 17 66
2 6 28
16 19 51
4 6 88
14 17 70
20 23 12
8 11 31
20 0 82
21 22 6
4 6 30
19 0 31
11 13 33
4 8 76
9 12 30
0 4 62
2 5 38
18 22 76
12 16 12
12 15 69
21 1 85
9 12 71
15 18 29
0 3 50
14 16 84
15 18 79
6 11 1
22 1 35
15 19 32
18 22 79
8 9 52
3 5 86
12 12 57
20 23 28
2 5 26
3 6 5
23 1 63
18 22 19
12 16 18
18 22 20
15 16 56
0 2 50
14 16 26
8 12 82
5 8 62
18 21 39
5 8 2
3 7 19
19 23 22
14 18 2
18 21 22
21 23 44
17 20 46
8 9 3
3 6 19
14 15 34
23 3 62
9 11 46
6 10 83
1 2 69
13 15 43
2 4 51
13 18 32
3 5 1
4 5 16
17 21 44
5 8 29
3 6 67
16 19 40
2 6 72
9 13 26
16 19 10
5 9 29
12 15 39
10 15 90
11 13 78
17 20 77
13 15 18
14 17 65
16 19 50
18 20 36
21 0 25
12 15 58
13 14 82
15 18 24
1 3 72
16 19 68
6 9 62
19 22 10
8 10 2
13 15 54
0 2 69
8 12 36
21 0 71
19 21 27
12 16 2
19 22 60
8 12 74
0 1 51
6 8 52
0 3 88
8 11 87
8 13 42
14 18 22
10 13 30
19 23 43
21 21 24
5 7 86
17 20 29
10 15 41
5 7 22
2 6 13
3 6 42
4 8 5
0 3 52
22 1 61
20 0 61
8 10 36
4 7 85
4 8 84
21 0 65
7 9 43
23 2 14
10 13 21
2 6 82
5 7 36
11 13 38
6 10 3
11 13 47
17 22 18
8 11 66
22 0 76
7 9 48
16 18 13
11 14 46
2 5 57
13 16 58
14 17 6
14 16 31
16 18 90
18 20 31
18 21 43
17 19 69
0 4 67
1 4 42
16 20 35
11 14 52
23 2 53
16 21 20
15 17 28
7 10 21
4 7 32
8 11 10
22 2 30
13 16 34
15 19 70
17 22 57
17 21 77
20 23 52
2 6 26
12 14 67
10 14 72
19 20 64
21 0 77
4 8 51
10 14 69
20 0 53
9 14 73
1 5 37
5 8 4
8 10 67
22 0 82
6 10 68
18 20 53
23 2 49
23 2 31
14 17 72
4 7 32
12 15 71
4 7 43
4 7 27
20 22 4
22 1 59
7 10 15
20 23 4
9 11 49
13 16 37
3 5 79
5 8 76
12 14 2
23 2 18
15 16 56
23 1 90
19 23 31
9 12 55
0 4 59
13 16 90
2 5 11
16 19 54
23 2 69
10 12 52
13 15 5
0 2 85
12 15 90
13 17 7
10 13 7
13 17 80
23 3 78
6 9 57
5 8 71
10 15 13
8 10 83
16 20 52
13 14 28
1 3 81
10 13 6
14 16 77
4 6 43
18 19 8
6 9 33
5 7 25
15 18 39
16 20 27
17 20 45
3 6 65
18 21 43
0 3 83
14 17 84
17 21 72
17 20 13
7 10 19
9 13 13
9 14 72
3 4 51
23 2 34
0 2 83
0 4 36
18 22 90
5 7 51
6 11 33
11 15 80
5 8 46
22 2 50
7 10 46
4 6 50
22 2 72
11 14 68
17 21 61
3 6 65
16 20 32
15 17 80
7 9 77
13 17 86
0 3 61
13 16 38
22 0 54
2 4 48
8 10 64
18 20 5
22 1 26
17 19 46
2 5 61
18 21 25
9 12 57
11 15 27
18 23 56
20 0 37
13 16 44
14 17 62
16 20 5
7 11 8
12 15 21
12 15 62
15 17 86
14 16 32
20 0 26
22 1 72
19 22 36
20 1 13
4 6 54
0 3 34
17 20 31
21 0 10
17 19 21
11 14 32
21 1 38
21 0 24
19 21 85
11 15 31
16 18 30
8 11 79
10 13 28
14 16 61
12 15 35
1 6 7
18 23 68
2 6 11
2 5 22
11 14 10
21 1 79
11 15 10
19 22 3
19 22 48
22 4 50
8 11 14
3 5 46
6 7 23
5 8 40
22 0 13
11 13 15
5 7 49
13 15 29
12 16 11
12 15 47
10 14 61
11 14 37
11 15 34
5 11 75
23 3 89
18 0 50
1 3 41
21 0 25
4 8 44
22 1 2
0 3 24
9 11 90
16 18 30
3 6 82
3 8 50
17 21 53
19 22 38
3 7 19
1 5 81
17 20 1
0 4 71
10 14 71
5 8 71
4 7 7
20 23 31
8 10 17
5 9 24
22 2 26
3 6 15
2 5 24
17 20 16
13 17 12
21 0 20
22 1 34
16 20 17
4 6 33
10 14 50
7 9 78
14 16 48
19 23 17
6 8 15
6 10 7
17 21 49
7 10 4
23 3 13
18 21 30
8 11 87
21 0 56
8 11 3
11 14 8
16 19 46
13 17 13
11 13 68
20 23 19
12 15 12
20 22 4
4 6 7
0 1 89
14 15 30
3 7 41
9 12 77
2 4 37
18 21 73
19 22 24
13 15 43
20 22 16
22 0 79
4 7 12
14 17 15
17 21 14
11 15 55
11 14 8
1 1 49
18 19 5
16 19 37
14 15 40
4 7 56
14 15 30
6 10 72
14 18 49
18 21 55
21 1 56
1 4 84
21 2 87
12 15 63
21 23 48
0 1 89
0 3 67
0 4 42
16 20 21
10 13 47
11 13 21
13 17 69
9 11 43
17 20 9
8 10 87
0 4 17
5 8 50
6 10 65
13 16 17
19 22 32
16 21 77
1 5 46
18 23 50
12 14 76
8 11 39
10 15 23
1 4 48
19 22 33
2 4 40
20 0 35
21 1 4
0 2 88
5 7 77
12 16 89
16 19 4
0 2 86
16 19 12
14 17 71
9 12 63
6 10 42
3 4 6
7 10 61
15 17 38
6 11 31
3 7 26
5 8 32
6 10 86
17 18 39
3 6 37
16 18 16
22 0 35
21 23 8
4 6 86
5 7 18
7 9 41
2 5 18
19 23 37
7 10 37
21 1 49
5 7 89
22 0 11
7 11 50
22 0 20
18 21 60
20 0 17
20 23 8
10 11 4
0 3 66
19 21 69
6 10 68
16 19 46
13 15 10
3 6 17
13 17 13
1 5 39
10 13 12
18 22 68
3 6 15
2 5 87
7 11 61
9 11 44
13 16 87
4 7 14
15 17 35
1 4 89
17 20 82
20 0 80
0 4 9
23 1 46
11 14 72
8 12 23
15 19 24
15 20 38
16 19 59
2 5 90
16 21 70
20 1 18
4 6 18
9 14 29
13 15 9
11 14 86
