1000 40
34 16 16 9 36 34 39 20 6 24 30 7 19 26 15 34 22 19 40 26 32 15 36 38 39 18 10 36 24 40 31 26 39 28 5 6 18 37 13 15 
18 21 21
13 17 20
13 16 11
23 3 34
19 23 34
9 13 8
19 20 3
19 23 33
12 16 13
4 6 32
22 0 6
4 6 16
18 19 27
19 0 35
9 12 18
7 11 40
23 0 16
8 11 13
16 19 31
20 23 38
3 5 15
13 15 8
5 7 40
18 23 39
4 6 18
20 23 15
3 7 17
7 10 39
9 12 37
21 1 27
13 16 11
7 10 35
1 5 7
13 16 1
10 11 9
13 16 29
14 16 36
23 4 37
14 16 4
6 10 39
5 10 9
18 21 30
19 22 9
8 10 36
7 11 19
18 19 13
16 19 14
19 23 8
17 19 27
12 14 33
4 8 34
16 19 10
4 6 33
13 17 30
14 15 28
15 17 3
10 15 39
14 18 1
10 15 21
0 3 8
0 4 6
12 14 12
3 7 7
15 16 28
11 14 12
21 1 13
21 0 4
3 6 5
17 18 19
5 6 6
10 13 8
5 8 34
12 16 12
2 6 34
5 8 24
12 15 26
1 3 33
8 11 22
3 5 38
16 21 13
22 2 31
16 18 36
7 10 9
1 4 2
17 21 35
12 14 36
15 19 8
13 14 23
7 9 39
22 2 1
16 19 19
5 8 23
0 4 25
10 13 10
15 17 27
19 21 3
23 2 5
21 1 21
13 15 32
14 17 30
23 1 24
21 0 21
0 5 38
2 3 38
9 13 11
19 21 27
11 13 38
13 16 24
6 9 21
14 17 2
16 18 21
6 10 5
5 9 32
1 5 18
5 6 32
9 11 32
7 12 16
9 11 15
15 18 9
0 3 16
2 5 31
22 3 17
16 18 30
21 0 3
6 12 33
16 19 12
20 0 32
17 18 34
19 23 20
12 15 18
9 12 22
22 1 18
21 0 31
1 5 25
13 16 6
13 16 21
21 0 4
0 4 11
19 23 6
18 21 22
23 3 38
4 6 11
5 8 1
19 21 28
12 15 34
2 6 28
10 14 40
16 17 14
7 11 6
10 14 12
16 18 26
21 1 6
21 1 36
15 18 11
23 2 28
12 15 28
16 19 32
10 14 36
5 8 7
15 19 12
9 11 29
18 22 5
12 17 11
16 20 37
5 6 12
10 14 20
5 9 23
10 14 40
13 14 2
22 2 1
12 14 14
10 14 25
6 9 34
11 16 11
20 21 8
19 21 38
23 2 26
23 2 7
20 1 19
7 8 3
22 1 17
10 11 27
14 17 33
4 9 2
2 5 12
10 12 38
6 7 2
13 17 34
15 18 9
22 0 3
17 20 32
22 1 3
5 9 8
20 22 20
17 20 27
0 4 35
17 20 30
13 16 39
10 12 13
14 16 34
14 17 26
21 1 30
8 11 23
21 23 38
4 6 6
20 1 1
5 8 31
14 17 30
4 6 12
16 20 15
15 18 1
5 8 31
9 13 30
5 9 1
9 11 33
11 13 40
17 20 37
23 1 16
22 1 12
8 11 36
21 0 22
14 15 37
6 8 24
10 13 30
3 5 19
4 7 38
16 19 37
4 7 23
14 17 5
20 0 14
18 22 24
15 17 18
16 19 1
9 12 36
9 12 17
18 20 1
23 4 21
19 22 9
1 3 3
18 22 2
7 9 17
11 13 22
9 12 26
0 3 19
22 3 21
11 14 37
4 7 35
7 10 33
18 20 36
9 12 15
4 7 25
13 15 3
8 12 39
14 17 18
10 14 6
8 11 30
14 18 30
6 10 12
21 0 27
9 12 16
5 7 20
9 12 30
16 19 29
3 6 26
23 1 22
1 5 1
0 3 1
13 17 1
9 12 12
3 5 23
4 8 38
2 6 39
0 3 32
21 0 24
11 14 38
1 5 7
20 22 20
19 22 8
16 20 29
1 4 16
21 1 30
22 0 37
9 13 17
20 23 18
2 4 20
3 4 13
10 12 34
16 20 12
6 7 38
20 23 17
14 17 30
20 23 16
2 4 14
7 10 21
7 9 17
6 10 22
3 7 22
23 2 31
6 8 14
18 22 8
2 5 36
9 11 29
5 9 36
11 12 29
7 11 8
11 13 33
10 13 24
3 6 27
16 19 10
0 3 15
8 11 20
13 16 14
11 16 12
11 13 31
16 20 17
7 10 24
6 9 19
16 21 24
22 4 10
9 12 1
17 20 24
7 10 16
10 12 14
3 6 17
14 17 2
14 17 22
0 3 26
9 14 1
0 3 24
10 14 12
20 22 39
18 20 26
0 1 23
16 19 12
4 6 28
19 21 9
21 1 36
21 23 37
13 17 36
19 23 33
14 18 25
3 8 21
21 23 8
8 10 4
7 10 8
7 11 36
7 10 15
19 22 31
21 23 31
5 7 8
22 1 27
0 3 14
11 16 14
22 0 15
1 5 6
3 6 10
1 4 18
18 21 34
15 17 29
22 0 11
3 7 11
10 14 36
17 21 24
15 20 29
5 9 36
16 20 30
17 21 32
21 1 3
20 23 1
14 16 13
15 19 8
21 1 2
14 17 4
8 10 28
23 3 28
19 22 39
7 9 38
9 12 15
6 7 40
15 17 37
13 15 22
9 11 27
15 20 30
6 9 17
20 23 5
0 5 34
10 14 16
19 21 17
14 17 2
9 11 13
22 0 3
22 23 9
10 14 23
14 15 38
11 14 7
17 22 24
8 10 23
20 23 35
10 13 22
22 23 1
8 10 3
8 12 15
17 20 38
16 20 35
13 15 25
3 6 26
22 0 27
21 2 40
14 18 20
4 6 12
5 10 27
16 18 26
10 14 12
20 0 20
9 12 15
2 4 25
16 18 18
7 10 28
13 15 13
19 20 10
9 13 15
20 23 17
12 16 40
6 7 23
18 20 40
12 15 17
6 8 32
12 14 16
4 8 24
9 13 18
18 19 1
14 17 17
12 17 30
18 20 20
15 17 2
22 2 34
14 17 11
19 0 31
6 9 15
4 8 27
9 13 36
20 22 35
11 14 33
17 21 8
7 10 18
7 9 14
7 9 35
2 6 9
10 12 38
18 21 29
17 20 11
9 12 4
10 12 27
15 19 23
18 22 15
8 12 15
4 8 1
3 6 30
12 15 10
0 1 2
19 21 28
16 17 18
12 15 35
3 4 14
15 16 18
20 23 4
11 14 32
20 22 29
3 7 30
20 22 32
2 6 39
11 14 18
9 13 22
17 19 27
22 0 23
9 10 17
7 9 39
16 20 8
20 0 10
20 22 29
11 17 9
3 6 22
5 8 3
3 5 6
22 0 36
16 18 5
18 19 7
19 22 15
23 1 27
4 6 24
23 2 29
9 11 10
12 15 35
4 8 29
0 4 39
13 16 5
20 23 33
22 1 32
15 19 19
8 12 18
8 12 20
19 20 14
18 20 5
17 19 33
9 12 28
21 22 4
10 12 7
11 14 14
15 16 12
22 3 7
22 1 2
1 3 29
0 5 35
14 18 3
4 6 3
8 13 16
19 22 22
5 6 9
16 19 12
6 10 6
18 21 17
15 19 33
1 2 22
20 0 6
7 11 38
11 14 32
18 21 15
7 10 9
20 23 33
11 13 16
9 13 21
2 6 10
21 0 6
13 16 16
12 16 6
16 17 2
0 3 39
19 22 17
16 18 25
16 18 17
5 7 34
11 16 40
1 4 39
6 8 39
1 3 3
7 10 29
15 17 13
16 19 14
21 2 34
17 19 37
10 13 24
3 7 21
14 16 19
1 4 5
3 7 18
14 19 34
8 9 21
6 10 6
0 3 18
12 15 37
8 11 31
9 12 12
2 5 36
11 14 7
14 17 39
0 2 2
20 23 8
16 18 34
6 8 22
8 11 2
22 23 15
10 11 16
13 16 22
9 11 28
5 8 17
13 15 23
13 17 18
12 15 26
9 12 16
0 3 38
22 0 18
22 1 24
13 16 16
12 17 12
2 5 22
12 16 17
7 10 8
20 21 24
0 3 35
2 6 3
18 23 12
12 14 16
6 9 14
10 14 37
12 16 5
15 19 29
22 0 13
16 18 11
19 22 30
7 10 37
21 1 1
21 0 31
10 13 40
12 15 27
6 10 23
8 12 19
22 2 1
2 7 23
14 16 4
2 5 21
7 12 1
17 19 9
8 11 26
7 8 40
15 18 6
16 19 25
17 20 17
17 20 15
3 6 24
19 23 13
2 5 2
16 21 21
20 22 4
17 19 30
2 5 21
4 7 10
11 13 22
5 10 36
23 3 38
20 22 38
21 1 17
16 17 36
17 20 3
14 17 39
8 11 3
22 1 3
17 21 10
19 22 19
20 23 7
21 0 12
11 14 18
18 21 20
15 19 3
19 22 39
21 1 31
12 15 8
15 18 19
4 7 23
17 19 36
7 11 2
4 7 1
21 22 4
11 15 28
21 1 36
14 18 34
2 5 9
15 18 15
6 8 22
0 3 3
19 21 37
1 2 26
16 18 25
9 13 30
9 11 15
11 13 17
5 7 39
5 6 17
9 12 27
6 9 5
10 13 14
11 14 13
23 2 13
10 12 40
4 8 18
2 4 28
21 23 22
9 11 13
13 17 37
16 21 38
21 0 6
17 19 20
13 15 18
18 20 5
13 16 4
0 3 29
4 8 5
12 14 35
2 4 4
19 22 11
10 13 20
17 21 17
11 13 17
23 3 40
0 1 7
17 19 30
0 4 11
9 11 40
4 5 14
3 6 8
13 16 18
13 17 9
0 2 35
6 9 36
10 12 14
20 23 6
11 13 35
21 0 40
14 16 29
18 20 31
4 6 29
7 10 7
10 15 31
7 9 21
11 13 19
18 23 10
18 21 40
23 3 28
6 9 13
21 1 27
18 21 24
4 7 30
11 13 4
23 1 6
4 8 31
13 16 40
8 10 15
13 18 12
23 2 14
3 7 14
23 1 34
1 5 28
1 3 3
0 4 36
5 8 3
3 6 39
15 17 10
21 0 23
16 18 9
19 22 26
10 12 21
16 20 5
14 17 9
15 19 34
20 23 10
18 22 17
3 6 9
17 20 28
23 0 37
8 12 2
22 1 27
15 20 39
5 9 20
9 12 5
11 15 35
6 9 32
3 7 22
1 4 26
4 6 35
4 4 33
13 16 9
19 23 31
8 12 12
4 9 17
18 22 6
1 4 16
11 14 28
12 14 3
11 14 39
14 17 16
15 17 15
11 12 14
22 1 33
16 18 22
0 4 10
15 19 40
13 16 26
12 15 32
10 14 17
2 6 19
0 3 16
4 7 5
18 19 23
19 21 4
18 20 34
2 6 8
21 1 5
2 5 28
15 18 13
1 4 4
0 4 12
13 16 25
5 9 7
4 7 30
7 9 9
8 10 4
2 5 25
15 17 11
22 2 20
3 7 25
15 18 11
10 12 4
2 5 34
5 10 29
13 16 38
16 19 39
15 18 3
20 22 10
18 23 14
5 7 23
16 20 36
19 21 8
3 7 9
10 13 36
4 6 37
19 21 26
6 7 36
20 0 16
16 18 39
22 0 36
10 13 19
9 12 7
18 20 20
8 11 22
21 1 22
3 5 29
9 11 12
2 5 21
10 12 22
6 9 20
21 23 33
3 5 24
20 0 8
13 17 15
23 2 28
22 0 31
7 8 21
0 4 28
1 3 17
3 7 1
7 10 22
2 5 10
23 3 17
11 15 29
14 15 36
6 8 2
1 5 19
0 3 15
9 11 32
14 17 12
5 9 26
22 2 23
10 13 8
20 22 18
13 16 15
6 9 7
5 8 20
13 15 24
16 20 19
6 9 25
3 5 34
15 18 14
6 9 35
3 8 30
17 19 31
1 4 4
20 22 8
10 13 3
13 14 26
5 8 17
19 22 40
7 11 10
20 0 32
8 11 15
22 3 29
6 10 21
17 20 29
7 9 29
6 8 3
13 17 39
15 16 23
11 14 25
18 0 20
12 13 19
1 5 5
20 23 28
1 4 12
20 0 31
1 4 8
8 13 24
17 20 7
13 16 8
18 21 28
17 20 10
14 18 16
3 6 35
10 12 32
6 8 29
6 7 27
2 6 15
7 10 8
18 19 3
22 0 35
17 22 19
11 14 28
16 18 1
14 17 13
11 13 4
11 14 24
8 12 26
17 22 3
9 11 40
14 17 24
13 16 7
20 22 23
0 3 30
17 20 21
13 15 6
11 15 12
17 21 31
23 3 28
9 13 36
23 2 8
23 3 12
16 19 31
2 6 18
9 11 3
8 11 27
15 19 32
23 2 18
21 1 7
16 19 39
7 10 13
21 1 17
16 20 39
17 20 15
5 9 39
10 12 21
0 3 9
17 19 2
23 2 2
4 7 16
5 8 36
16 20 27
2 5 15
3 6 25
22 1 28
20 0 18
1 4 9
19 20 8
11 14 14
17 22 34
6 9 8
13 16 30
17 21 15
21 0 38
22 0 10
5 9 27
14 15 1
1 4 9
13 18 11
5 8 1
12 16 35
17 21 13
23 1 9
23 3 5
7 10 37
23 3 3
11 13 12
5 9 9
0 4 3
17 20 29
3 7 26
14 17 16
12 15 19
8 12 6
15 19 8
2 4 17
20 1 10
13 16 38
7 10 5
12 16 37
2 5 2
20 0 23
16 19 37
14 19 30
2 3 19
5 9 37
0 3 12
3 7 33
15 17 29
14 18 39
17 20 27
11 15 37
6 9 34
9 13 23
6 10 38
23 1 16
18 21 33
6 9 36
9 11 13
