1200 70
20 4 27 56 55 14 23 38 20 21 60 55 60 22 25 41 52 19 31 35 51 45 40 29 62 17 59 8 28 37 56 7 18 24 57 33 33 41 51 22 22 22 61 50 70 55 65 17 50 8 7 42 21 20 35 22 6 55 8 12 55 29 9 54 69 60 21 42 2 50 
2 6 68
23 1 46
1 5 66
4 8 46
20 22 60
0 4 10
4 5 10
15 18 58
22 3 3
11 13 44
9 11 3
4 7 46
13 16 51
14 16 21
18 20 3
19 22 28
14 17 51
5 7 13
23 1 54
8 12 61
4 6 8
2 6 41
7 10 47
9 13 56
14 15 55
12 16 11
3 6 41
6 8 2
8 11 50
15 19 25
19 22 25
5 9 65
7 9 16
22 4 28
12 13 70
21 1 42
19 23 20
22 0 31
0 2 42
13 16 48
6 9 57
19 22 9
21 23 46
5 5 14
12 16 67
5 9 25
2 4 13
15 18 37
8 9 17
21 1 67
8 11 46
20 23 48
10 13 36
23 3 41
1 4 43
9 11 29
8 13 69
18 20 45
1 1 52
20 23 37
22 2 6
14 18 24
6 10 45
8 12 19
7 12 14
19 22 26
9 12 20
8 10 48
16 18 31
22 2 15
20 21 62
8 12 56
11 16 41
4 6 5
1 4 51
16 21 69
23 2 38
3 5 16
20 22 33
21 0 2
22 1 30
11 12 53
19 22 38
8 11 39
11 12 44
10 12 34
1 4 11
13 15 21
10 13 59
19 22 61
19 21 52
19 23 51
10 12 16
19 21 24
21 0 5
6 8 30
1 5 26
19 22 43
23 4 60
5 7 55
19 23 16
3 6 4
13 15 57
4 9 9
5 6 3
13 15 50
5 7 37
17 19 44
18 21 56
23 2 27
14 17 32
10 14 66
13 15 66
7 12 37
10 14 14
13 16 13
15 18 32
16 18 6
12 15 24
13 15 25
9 13 10
19 22 45
9 12 67
13 16 17
18 22 9
10 13 57
6 8 26
16 19 18
22 1 3
17 21 44
13 17 19
22 2 40
12 14 3
2 5 49
23 1 68
7 10 68
15 19 60
4 8 44
0 3 51
5 10 67
9 12 62
21 0 40
14 17 54
11 15 21
18 21 26
15 17 38
2 5 24
5 8 67
23 1 51
14 15 61
13 16 23
11 13 50
11 15 6
3 7 15
8 10 70
22 0 37
20 0 15
5 8 29
3 6 61
19 22 46
3 5 63
19 22 10
8 11 26
19 21 69
3 7 67
9 12 28
15 17 43
6 10 3
18 20 12
0 3 63
10 14 7
8 11 55
22 23 3
7 8 53
2 5 43
2 5 44
7 10 60
10 14 9
7 11 37
9 11 26
20 23 12
3 6 52
17 19 21
6 8 65
11 14 59
7 10 39
23 2 34
8 11 69
19 22 36
9 11 26
14 17 38
23 1 13
0 3 68
14 18 32
19 22 15
17 18 13
8 11 67
2 6 52
6 9 44
13 17 49
17 23 56
0 2 47
2 5 67
17 21 28
7 12 11
3 6 31
19 22 65
18 22 14
0 3 52
14 18 19
8 10 8
6 9 68
12 14 10
15 17 36
18 21 70
12 14 10
19 22 36
2 4 55
7 10 66
21 2 15
6 8 44
2 4 65
0 3 24
6 11 59
0 2 56
9 11 50
15 16 37
10 12 34
15 17 69
19 22 64
13 17 11
6 9 51
13 17 10
7 10 5
15 18 63
6 9 67
10 13 68
22 2 38
5 8 43
10 12 13
10 13 39
10 13 34
6 9 9
21 1 61
19 22 14
0 3 45
9 12 23
1 4 52
21 0 62
18 21 2
17 19 34
18 20 58
9 14 24
18 20 8
20 0 29
10 13 69
17 21 15
15 17 42
11 15 8
22 23 53
14 17 56
21 1 40
12 16 2
15 18 61
0 3 33
3 5 68
23 3 52
16 21 67
1 5 48
23 1 39
12 14 23
0 3 8
7 10 46
17 21 70
14 17 69
14 17 58
7 10 4
0 2 62
1 6 26
19 21 56
15 17 46
20 23 18
21 23 48
1 5 63
22 3 32
21 23 30
23 2 47
18 23 58
9 11 10
7 9 38
0 2 41
0 3 34
10 12 21
2 5 45
1 3 59
9 11 68
5 8 60
13 13 70
15 18 34
17 21 16
4 6 59
22 1 47
17 20 66
21 0 39
21 1 21
8 10 22
1 4 64
21 1 15
12 14 57
10 14 14
9 12 43
4 7 22
22 0 55
4 6 49
9 12 38
15 19 16
7 10 53
8 12 61
16 19 18
4 7 54
6 9 37
4 8 11
16 21 12
0 4 49
20 23 50
20 0 16
6 10 27
18 20 65
13 18 47
9 12 52
5 9 70
6 9 17
8 10 45
12 14 55
14 16 19
23 2 5
20 0 25
8 12 28
10 13 14
8 12 37
21 23 14
12 16 66
3 4 41
1 4 68
20 23 41
7 10 11
9 12 50
7 10 52
4 8 5
13 16 8
18 20 32
15 18 69
8 8 27
3 7 41
15 20 32
16 19 38
0 1 26
16 17 3
21 0 46
21 23 56
15 17 33
15 20 22
2 5 5
19 22 43
16 20 13
17 20 52
6 12 65
3 6 1
12 15 57
12 17 44
0 3 17
16 18 37
17 19 61
5 8 50
7 11 67
15 17 13
23 1 8
3 7 24
22 0 69
5 7 38
4 6 47
7 10 56
20 0 39
10 14 17
9 13 66
22 23 10
6 9 30
12 15 12
21 0 64
4 6 11
19 22 46
4 7 12
5 7 3
6 9 55
15 21 23
19 23 20
23 1 52
8 12 8
16 18 38
22 0 50
2 6 59
0 3 48
4 5 19
21 2 44
19 23 1
2 4 25
4 8 12
18 22 33
3 6 28
0 2 25
10 12 20
5 8 35
21 22 52
3 5 30
20 1 21
5 8 4
7 11 41
20 23 22
18 22 46
4 8 56
8 11 13
6 7 25
3 4 25
18 20 11
23 3 67
15 17 16
7 9 54
13 16 34
3 5 59
17 20 68
13 16 14
12 16 32
10 14 62
22 1 62
5 8 10
18 22 42
21 0 47
17 20 13
6 9 61
21 0 38
13 17 64
23 0 43
16 19 28
22 2 47
22 1 6
12 13 44
12 15 45
1 3 64
6 9 25
18 22 22
12 16 69
18 20 11
1 4 33
10 14 66
7 10 37
15 19 9
13 14 2
20 23 46
18 20 45
14 17 54
15 16 45
0 4 46
4 7 32
7 10 39
6 6 32
8 11 57
12 17 30
10 12 41
2 3 50
4 6 28
18 22 21
17 20 55
14 17 22
0 2 45
15 18 32
12 14 67
20 23 36
10 13 29
21 2 15
8 11 49
0 5 28
12 15 66
6 9 64
18 22 46
3 6 41
15 18 49
11 14 53
22 2 33
20 0 47
23 3 39
10 14 13
15 17 68
15 19 19
18 21 62
1 4 61
7 9 40
3 6 58
20 0 44
8 11 60
1 5 57
8 11 48
22 1 18
4 7 65
4 5 38
3 6 16
10 14 10
4 7 17
14 17 49
13 15 58
13 16 46
3 5 22
9 13 16
1 3 28
13 16 12
22 1 25
8 10 52
10 12 3
18 0 5
23 2 9
3 7 32
16 16 62
1 3 70
22 1 15
14 17 32
2 5 32
10 13 56
15 17 56
19 23 23
22 0 54
0 2 67
9 10 26
4 6 49
15 19 24
7 8 19
22 0 45
19 20 36
18 21 25
11 13 3
4 7 24
6 9 36
10 11 46
5 8 24
21 0 23
8 11 18
9 11 52
10 13 40
5 8 3
9 12 67
23 1 54
9 12 64
16 18 49
4 6 38
9 12 18
14 18 36
6 8 37
11 15 27
23 2 1
22 1 55
15 17 29
14 17 50
3 6 16
8 10 14
10 14 39
13 17 49
16 19 3
13 17 9
4 7 12
9 12 54
23 1 5
9 11 46
9 14 35
2 5 9
13 18 62
18 20 42
22 1 16
2 7 40
19 23 19
16 19 52
11 15 2
12 15 14
18 21 5
11 14 28
13 15 7
1 5 35
21 0 61
8 11 68
8 11 69
13 16 48
4 7 17
16 19 6
2 5 65
3 5 63
18 20 31
5 8 26
21 0 61
17 19 66
1 6 31
15 19 21
5 8 57
11 14 47
15 18 20
17 21 50
17 19 57
19 21 43
13 15 57
5 7 26
18 21 25
10 14 1
1 3 22
3 6 61
11 15 59
13 17 35
1 5 58
2 4 17
12 15 38
12 16 17
17 19 43
19 22 12
20 0 17
0 3 43
6 10 18
16 19 68
2 5 9
7 10 30
10 14 38
3 6 31
3 4 53
0 3 65
5 6 3
5 7 48
9 12 1
17 22 50
2 6 31
5 9 69
16 20 66
6 9 60
23 3 27
18 20 23
23 1 14
8 13 30
5 9 17
16 18 52
6 7 3
17 19 56
22 2 9
12 15 64
8 10 20
17 21 36
2 5 44
8 13 3
2 5 14
18 20 70
0 3 14
10 15 26
0 1 39
9 12 39
23 0 16
6 7 14
23 0 36
14 17 8
5 9 49
9 14 36
1 5 8
17 21 11
16 19 22
20 1 43
12 14 1
3 8 7
11 13 20
5 8 47
14 16 36
4 7 48
17 20 15
8 12 34
16 18 14
19 22 7
21 0 8
15 18 23
8 12 44
16 20 20
6 8 11
9 13 58
11 16 52
2 5 61
14 18 19
9 12 55
23 3 19
17 20 51
21 0 25
18 22 59
22 2 46
8 12 27
22 1 60
12 16 3
12 14 37
14 17 70
17 21 5
3 6 60
7 11 46
19 0 16
14 16 24
19 21 36
14 17 55
4 6 33
1 4 12
16 18 29
2 6 19
4 6 17
13 15 37
5 8 35
3 6 53
22 3 52
1 5 48
23 3 1
4 8 59
3 7 36
5 7 43
7 10 27
11 13 55
4 9 53
13 17 53
13 16 6
16 19 41
9 11 40
20 0 7
8 12 19
14 17 24
6 9 42
8 12 8
13 16 43
14 17 70
16 19 22
23 3 34
8 11 67
17 19 29
5 8 33
22 0 24
5 7 68
11 14 33
17 20 59
18 20 43
20 22 31
21 0 48
15 18 24
9 13 52
20 23 39
0 0 29
11 13 38
6 9 64
19 21 50
5 7 69
9 12 21
19 22 53
19 21 26
5 8 55
11 14 60
21 0 56
0 5 31
14 18 6
9 14 47
17 21 40
8 10 62
14 17 70
18 22 24
1 4 19
4 6 25
7 9 36
16 21 34
7 11 34
5 7 43
10 11 47
10 13 12
7 12 34
22 1 63
19 22 26
18 23 39
5 6 60
3 5 45
8 9 7
13 16 38
16 17 29
15 17 10
17 20 65
2 4 14
0 2 36
12 15 69
3 5 2
10 13 12
21 1 69
1 5 49
6 8 60
6 9 39
17 21 10
1 4 12
22 0 48
7 9 24
13 15 69
21 1 14
14 17 42
18 21 65
19 21 34
6 8 43
6 8 10
2 4 37
23 2 42
11 13 10
2 6 21
2 6 58
13 16 23
17 20 38
19 22 28
23 1 4
13 15 20
5 8 24
2 7 47
7 10 64
21 23 54
22 0 61
15 17 41
4 7 32
2 5 66
8 10 25
16 19 16
1 4 44
21 23 22
15 18 51
19 21 62
17 20 28
9 11 69
11 13 53
5 8 14
9 12 22
14 17 61
17 22 49
15 19 16
16 17 55
2 7 55
1 5 28
23 23 61
2 6 38
11 12 21
17 20 52
4 7 33
5 9 33
18 19 3
23 3 66
3 5 48
1 3 57
23 0 61
9 11 51
14 18 4
19 22 46
3 5 17
3 5 45
14 16 22
13 16 40
20 23 51
0 1 1
15 17 58
19 21 47
3 5 9
4 6 7
18 19 44
13 17 31
4 7 24
10 12 34
18 21 56
5 9 51
17 21 26
18 21 40
21 2 11
11 13 44
2 4 11
2 4 43
20 22 53
16 19 4
7 10 10
14 19 20
5 7 42
16 19 20
22 1 33
13 18 42
19 22 11
13 16 54
23 3 65
8 11 63
19 21 9
19 23 61
22 2 5
16 19 43
2 4 10
22 3 35
10 14 63
7 9 48
9 11 50
15 17 42
21 0 51
12 17 32
9 12 8
10 13 23
17 21 37
14 17 37
3 5 65
8 11 46
20 22 40
18 22 17
13 16 26
14 16 59
2 4 2
9 11 68
8 11 39
17 19 30
6 8 8
21 23 63
9 13 48
0 3 22
12 14 66
19 22 2
8 11 53
20 23 23
9 12 44
8 12 1
3 7 28
10 12 65
14 15 33
6 8 21
18 20 25
12 15 25
17 19 43
20 1 17
18 20 23
19 21 13
19 22 32
20 0 59
12 17 14
19 22 68
11 14 36
3 5 27
23 1 47
18 22 55
13 15 31
20 22 51
4 7 9
9 13 7
12 13 52
11 13 46
22 23 25
11 14 18
5 8 12
13 15 26
7 10 56
23 2 24
10 15 70
6 9 50
12 16 61
19 23 38
21 1 2
9 11 62
18 21 18
20 0 54
19 22 33
20 22 50
15 18 69
7 11 1
4 7 70
0 3 70
5 8 47
2 5 34
14 17 70
11 13 11
4 8 70
2 5 20
13 14 57
10 13 24
5 9 28
14 17 68
1 4 14
14 15 29
17 19 45
3 6 23
8 10 21
2 4 2
3 6 27
4 7 45
2 4 25
22 2 37
4 8 64
12 14 24
21 23 42
0 3 42
15 18 7
11 14 59
17 19 38
7 9 41
3 7 33
22 1 70
17 20 59
22 0 57
16 20 61
12 14 12
11 15 63
7 11 42
19 20 66
5 7 36
0 1 34
6 8 39
21 0 33
7 11 67
1 4 62
15 19 24
11 13 13
8 12 70
8 10 2
22 1 62
15 20 62
21 1 18
19 21 44
22 2 32
14 18 18
11 14 58
4 9 31
9 13 17
5 7 5
10 13 34
8 12 53
8 11 21
21 0 58
6 9 47
23 0 52
21 0 6
7 10 28
14 18 46
11 13 67
10 15 30
7 9 32
11 13 32
21 0 35
3 7 36
16 19 15
21 0 24
5 10 10
14 18 22
9 10 28
22 1 17
19 23 19
13 17 38
14 17 14
8 9 46
8 9 8
13 18 36
20 0 68
21 1 25
19 23 68
13 17 12
9 12 60
1 4 35
3 8 51
2 6 2
9 11 27
11 14 52
21 23 47
18 20 2
4 6 5
13 16 32
14 17 20
17 21 9
0 2 10
14 16 46
8 9 5
5 6 66
8 10 23
15 18 31
16 21 22
14 17 59
23 2 21
22 2 10
16 19 13
20 23 24
23 4 7
17 22 54
1 4 20
16 19 23
23 3 16
21 0 46
13 15 31
9 11 66
15 18 40
0 3 31
9 11 56
10 13 53
10 12 17
10 13 13
15 18 64
6 9 51
20 23 28
2 5 1
3 6 35
16 19 65
0 4 60
5 10 60
2 6 23
8 12 21
23 2 69
1 6 29
23 4 28
22 2 25
17 20 1
2 7 66
6 9 35
9 12 16
12 15 68
22 2 52
18 20 49
4 6 15
3 4 55
10 13 38
16 21 66
6 11 7
13 16 14
16 19 55
9 13 4
2 5 9
20 23 30
4 6 31
22 1 17
9 14 6
17 18 64
19 22 19
5 8 13
9 13 3
19 22 30
0 3 33
23 2 23
20 21 2
10 14 51
1 3 52
23 2 35
20 23 38
22 2 2
21 22 17
21 3 53
22 1 59
3 6 33
14 18 30
20 23 68
5 8 36
12 14 29
9 12 17
18 20 55
1 3 37
15 17 5
15 18 55
8 11 41
10 13 47
14 15 64
7 11 62
11 14 37
6 9 10
5 7 58
17 20 62
18 22 8
2 5 22
9 11 38
5 8 49
17 20 9
10 11 30
3 7 57
1 5 32
1 3 64
8 10 15
23 1 2
15 17 42
14 15 6
23 1 17
22 1 2
6 9 1
2 6 27
5 8 38
6 9 39
0 4 70
0 2 9
8 10 51
5 8 17
16 19 4
8 11 33
5 9 63
14 16 46
10 13 54
7 11 55
16 19 22
17 19 50
3 7 10
20 1 34
7 10 54
14 18 29
18 22 22
4 8 23
18 23 8
20 23 18
2 6 25
