1500 70
49 35 57 1 66 36 31 36 38 55 10 70 61 51 53 42 18 55 34 4 66 57 60 51 65 41 37 25 64 1 1 15 21 6 47 20 55 44 13 30 2 24 31 25 16 40 44 21 58 22 54 13 62 61 38 4 9 70 8 1 23 34 57 16 34 9 26 44 64 59 
0 2 65
16 18 61
13 17 33
17 21 51
14 17 47
11 14 42
17 19 21
16 19 40
13 15 59
20 0 41
4 8 9
12 17 34
22 1 37
4 6 38
19 22 21
16 18 11
23 2 21
13 17 58
20 21 55
1 4 17
18 21 48
3 7 44
12 14 2
10 14 1
11 14 53
16 21 52
17 20 19
8 11 48
5 10 35
2 4 40
16 19 68
21 0 7
8 10 51
11 15 44
23 2 19
9 13 49
8 11 42
5 7 24
23 1 53
15 19 2
12 15 27
12 14 62
19 21 11
10 12 34
13 15 26
14 18 42
11 15 62
11 14 7
7 10 23
10 13 51
22 1 39
22 1 29
19 23 48
14 15 24
4 7 62
8 10 32
9 12 63
10 14 39
12 14 32
16 20 68
8 12 5
21 0 70
15 18 44
1 3 56
16 19 28
23 2 28
8 12 46
2 4 66
8 11 11
5 8 17
16 19 6
13 16 39
1 4 38
12 16 8
22 2 12
2 5 46
10 14 11
8 11 10
17 21 39
0 3 46
2 5 21
12 14 19
3 6 68
23 4 33
8 10 58
6 9 44
0 4 1
21 0 30
1 4 68
12 14 19
18 21 67
15 15 13
13 16 6
10 12 66
5 8 13
0 4 54
14 17 33
2 5 30
8 11 33
11 14 69
19 21 43
5 8 27
6 8 51
8 11 27
19 22 37
8 10 47
3 8 32
16 19 28
10 12 55
4 6 27
23 2 43
9 11 8
19 21 40
18 19 24
11 14 25
19 21 17
15 19 56
6 9 24
3 5 68
5 8 64
8 11 46
11 15 34
8 11 14
13 16 67
22 1 37
15 18 55
22 1 63
19 20 49
2 4 28
13 16 67
22 3 31
5 7 43
5 8 3
9 10 14
6 9 34
5 7 3
11 13 13
7 8 38
16 18 8
10 13 25
11 14 3
22 2 48
2 5 36
12 17 20
3 6 42
19 21 56
11 16 38
5 8 66
14 16 36
6 9 22
10 13 47
7 12 19
16 19 14
18 22 49
14 17 52
19 22 37
18 22 21
23 0 55
22 3 2
22 3 59
1 5 63
10 11 28
20 23 43
13 16 40
11 14 43
4 7 27
3 6 45
18 21 55
21 1 41
9 10 17
9 11 8
14 16 58
13 18 70
0 3 62
14 17 55
21 1 1
15 18 65
17 20 70
22 1 19
8 11 45
5 8 67
8 12 38
8 10 10
1 5 64
15 19 47
5 6 22
4 5 4
13 16 15
4 7 23
15 20 26
13 16 26
8 11 42
4 8 38
16 19 16
4 8 25
7 10 36
11 12 24
9 11 26
1 3 35
18 21 66
19 21 13
19 0 13
13 17 12
9 10 30
23 3 12
0 3 30
20 23 53
6 10 55
9 14 15
13 18 43
16 19 19
12 15 60
23 3 34
22 3 44
22 1 12
3 5 5
10 13 55
20 23 24
16 18 16
4 8 14
23 2 21
3 6 21
2 6 11
15 18 55
9 13 65
21 23 35
0 2 60
12 14 37
13 18 62
11 13 21
12 15 66
15 17 30
22 3 41
18 21 33
4 8 35
8 11 17
6 10 59
12 15 63
13 15 64
9 11 20
16 20 14
0 3 33
16 16 18
19 21 42
18 21 31
14 17 21
17 22 66
3 6 2
4 7 65
8 10 55
13 17 49
16 18 67
10 12 53
18 19 68
1 5 7
22 2 35
0 4 51
9 13 16
19 21 18
18 20 44
17 18 1
23 2 47
21 22 53
10 13 65
9 11 70
4 8 38
19 22 62
1 6 12
0 3 54
12 15 50
13 16 20
13 15 42
4 7 17
19 22 4
20 22 26
22 2 10
21 0 61
9 13 51
22 2 31
4 9 48
11 12 5
18 23 48
13 16 8
20 23 28
20 23 54
3 5 26
8 12 17
2 4 27
13 17 64
8 11 68
14 16 11
9 15 1
4 7 65
11 13 8
15 18 49
9 14 37
7 10 35
3 6 6
14 18 16
12 15 7
5 7 22
9 12 21
8 9 56
16 19 56
8 10 13
4 6 14
20 23 27
5 8 30
20 0 24
5 7 31
20 23 16
5 7 70
18 20 10
22 1 39
21 0 6
2 4 68
3 6 37
7 10 42
13 15 63
18 22 32
5 9 24
11 14 43
13 15 21
12 15 45
14 18 40
9 12 38
14 18 41
7 10 35
14 17 56
14 18 57
19 23 36
5 10 26
14 17 1
1 4 43
10 14 44
1 2 26
9 12 45
19 21 28
17 20 60
11 14 55
23 2 37
18 22 45
22 0 62
22 0 32
10 13 35
13 16 17
8 11 12
6 11 12
19 22 26
11 15 11
9 13 4
8 11 16
16 21 16
22 0 7
16 20 69
18 21 8
3 7 24
9 11 4
13 17 1
4 7 38
13 15 18
11 14 66
17 19 5
19 23 10
16 19 68
11 12 46
7 11 17
7 9 43
10 14 7
3 6 44
1 5 43
5 8 39
2 5 28
15 18 17
18 21 30
8 12 21
5 9 21
19 1 6
14 17 18
15 16 15
7 11 53
16 19 39
15 18 27
6 8 19
7 9 54
16 20 67
8 11 57
9 11 48
15 18 58
10 13 59
1 1 20
23 2 29
22 3 38
14 18 44
19 20 58
6 8 33
3 6 70
6 8 67
2 5 42
18 21 20
12 15 49
18 20 37
11 12 12
2 4 46
19 22 27
6 10 50
4 6 6
4 9 15
18 21 40
12 15 31
1 2 24
23 2 36
6 9 8
16 20 65
16 19 21
7 9 35
22 0 70
5 9 59
0 2 46
23 2 54
1 6 67
11 13 50
16 18 54
21 23 6
9 13 16
3 6 15
16 19 23
18 23 58
9 12 22
8 10 43
9 12 70
19 23 24
9 10 46
4 5 1
7 10 59
11 15 54
5 8 45
12 16 42
6 11 54
20 0 62
2 5 4
16 20 47
10 11 14
1 3 12
7 11 41
18 21 45
0 1 14
11 16 18
13 16 44
6 9 26
22 0 48
16 19 48
6 9 3
0 2 56
20 22 11
11 14 52
23 2 56
2 5 49
23 3 17
21 23 60
15 17 17
7 11 20
19 23 33
16 19 7
10 11 41
3 5 18
12 14 31
18 22 34
7 10 68
17 21 4
17 21 11
16 18 40
22 0 68
0 2 52
23 4 12
17 20 60
18 19 5
16 17 65
17 20 38
12 16 34
21 23 32
6 7 15
21 1 56
6 9 63
20 23 56
1 4 20
14 18 4
6 9 15
0 2 4
13 16 63
9 11 64
15 18 35
4 8 60
0 3 13
18 21 20
1 4 24
23 0 23
11 15 58
17 20 47
5 8 27
1 5 68
8 11 54
2 4 30
16 18 60
21 0 2
3 6 55
0 3 62
9 11 55
4 5 37
20 23 31
12 14 36
5 7 36
17 21 39
18 21 30
7 11 6
16 19 62
17 20 39
0 2 65
20 23 5
17 21 3
16 18 19
23 2 66
11 13 35
17 21 31
0 4 64
17 20 22
10 12 47
14 18 47
0 3 11
9 10 4
0 3 32
12 16 51
23 3 63
13 15 55
6 9 9
0 2 70
6 9 39
19 22 12
10 12 5
21 0 52
16 18 54
21 1 48
17 20 23
7 11 69
1 4 12
23 0 14
12 16 43
16 20 12
18 21 25
21 2 69
17 21 46
9 12 7
7 10 35
20 23 60
7 10 56
4 7 49
23 1 38
20 23 19
8 13 2
11 14 53
0 3 64
16 19 9
16 18 44
1 4 5
0 2 1
22 0 25
12 15 17
9 12 2
9 12 51
23 2 60
18 22 8
9 12 42
8 10 11
1 4 14
8 10 16
16 20 40
23 1 69
14 17 58
20 22 15
19 22 35
11 14 58
9 11 10
8 10 6
14 17 64
9 11 33
14 17 60
7 11 50
16 19 17
0 3 42
16 19 59
15 18 42
8 11 70
23 2 70
17 20 56
0 3 47
9 12 4
23 2 49
13 17 70
11 14 59
21 23 39
17 20 17
8 14 10
1 3 65
20 23 57
3 4 19
13 16 58
11 14 47
9 12 57
14 17 29
6 9 40
14 17 18
20 0 34
18 20 50
15 18 67
2 4 18
1 5 46
4 7 48
16 20 2
8 11 14
17 21 26
11 15 34
19 23 65
18 21 34
7 9 53
16 19 45
15 18 4
23 3 19
20 23 69
1 6 29
18 21 32
20 22 51
7 9 3
13 18 14
11 14 34
23 1 57
10 13 42
8 12 12
1 5 30
21 0 54
2 5 2
12 14 15
0 4 1
3 6 13
7 10 40
5 8 17
16 19 30
0 2 54
17 20 2
14 17 58
14 17 20
11 14 45
10 11 2
6 9 46
3 6 10
6 9 54
10 11 41
9 10 21
11 14 55
19 20 65
1 4 33
12 14 23
16 20 56
7 9 10
4 6 63
9 11 31
14 16 52
22 3 53
19 22 60
16 18 57
13 15 65
10 13 28
3 6 56
11 13 40
13 16 8
18 21 26
5 8 25
6 7 70
9 12 9
18 21 50
8 12 52
17 20 3
9 11 69
10 12 47
4 8 2
11 13 66
4 7 53
22 1 31
9 14 65
4 5 27
1 5 3
21 1 17
23 2 51
10 13 6
20 23 7
0 4 54
19 22 13
5 9 57
1 4 62
16 19 44
12 12 5
4 7 68
4 7 16
20 22 47
7 8 23
10 13 64
5 9 34
18 20 14
21 2 28
4 5 6
16 18 54
5 8 18
20 23 21
9 11 46
18 22 60
5 8 35
2 6 48
18 21 20
14 18 19
7 10 29
5 7 42
4 8 23
7 10 3
4 6 70
23 1 21
4 7 42
4 8 26
13 16 35
9 12 33
5 8 52
13 16 1
13 15 16
22 2 66
2 6 35
3 6 20
10 13 32
14 19 24
0 2 23
10 15 63
22 1 30
1 3 28
7 10 37
2 4 42
17 21 13
6 8 16
3 5 42
7 10 9
3 4 69
20 23 17
1 3 60
1 6 13
23 3 60
16 18 67
9 12 57
7 9 33
23 2 29
13 15 42
7 12 34
12 14 16
11 13 18
21 1 25
4 7 2
12 15 57
12 15 21
14 16 67
17 19 15
0 3 35
0 2 47
16 19 5
4 7 32
3 7 8
3 7 60
14 16 67
5 8 25
14 17 67
9 11 33
4 8 22
3 6 17
10 13 21
5 9 57
21 23 19
9 13 65
17 20 39
19 20 50
6 10 48
11 13 13
7 9 55
11 14 23
6 8 26
4 7 40
4 6 15
1 5 5
19 22 39
0 4 70
7 8 43
20 22 57
3 6 33
2 5 5
17 21 13
23 3 31
3 4 26
14 17 31
10 13 33
3 6 9
12 16 25
9 12 11
4 7 43
2 5 68
11 14 46
9 12 55
17 20 35
3 6 1
4 6 10
10 14 27
15 19 30
23 3 28
14 17 30
19 22 70
13 15 15
3 5 25
8 11 39
21 0 31
19 21 27
10 15 23
13 16 37
3 6 65
19 22 1
4 8 23
13 16 32
16 18 18
16 18 27
16 20 8
6 8 48
1 4 37
4 7 28
19 22 51
22 1 55
2 6 11
21 23 48
23 3 30
14 19 36
5 8 59
4 6 42
4 9 36
16 20 45
5 9 3
17 19 20
0 4 40
6 8 8
4 6 27
6 8 70
15 20 56
20 23 28
19 23 42
7 10 23
20 23 19
2 5 66
9 14 12
14 19 19
8 10 22
12 16 40
20 22 25
8 8 70
7 11 53
23 1 50
3 6 16
13 17 33
23 2 27
11 13 67
18 22 37
19 21 26
19 23 37
11 14 59
23 1 30
21 0 49
2 5 18
13 17 4
20 22 45
6 9 32
7 12 63
18 20 10
10 12 36
14 15 21
22 0 21
9 13 66
16 19 23
22 2 32
20 0 56
13 15 11
5 9 41
7 9 50
4 6 61
20 23 47
4 9 2
8 11 37
13 15 2
19 23 27
7 10 30
10 13 21
6 9 26
12 15 40
21 1 54
19 22 56
15 17 21
18 21 36
2 5 37
1 6 6
19 23 13
0 6 33
19 0 30
11 13 5
18 21 68
20 0 8
12 15 10
2 5 8
18 21 60
22 2 66
8 11 6
9 11 22
19 20 51
23 1 12
13 17 19
10 14 65
6 9 57
3 7 55
6 8 35
11 14 64
13 18 18
8 11 58
10 15 35
22 0 10
19 23 4
20 23 28
13 15 5
14 16 1
22 2 66
0 2 30
15 18 64
2 5 32
4 8 1
17 18 31
20 23 26
17 20 3
15 18 42
19 22 63
2 7 12
8 11 70
22 1 57
23 1 3
6 9 38
11 13 54
3 8 53
22 1 55
0 3 49
0 4 32
18 21 62
17 21 63
14 17 25
22 1 17
6 8 45
0 4 2
7 10 10
17 19 29
6 9 61
13 16 23
17 21 7
22 0 53
21 1 23
20 0 21
8 11 57
5 5 64
12 15 15
2 5 48
11 14 41
6 10 54
22 1 59
7 11 43
5 9 8
13 16 59
15 20 27
16 20 45
3 6 21
5 7 37
14 17 15
9 13 36
19 22 68
22 1 10
4 8 70
0 2 1
18 21 43
14 18 28
17 18 37
20 23 1
9 11 69
8 11 28
4 8 59
14 19 36
9 13 6
13 14 45
12 15 44
17 17 40
5 8 48
21 1 35
18 20 55
8 11 13
22 1 10
1 3 19
4 8 52
16 18 42
7 11 24
3 7 5
14 17 53
14 16 24
20 22 60
10 12 51
13 16 16
12 16 16
13 16 16
4 7 16
5 8 14
21 0 60
11 13 61
0 2 16
7 10 33
7 12 11
3 6 55
0 4 51
17 21 24
21 23 68
0 3 16
22 23 38
14 17 20
10 13 33
7 11 17
3 7 67
18 19 60
13 16 30
11 13 69
13 16 26
18 22 64
20 23 36
1 3 29
7 9 63
7 11 14
10 13 64
19 20 63
13 18 54
2 6 16
7 9 17
20 23 44
20 23 66
19 23 12
7 10 54
4 7 69
15 18 26
15 19 65
14 18 58
10 13 10
18 19 36
22 1 68
22 0 53
16 20 27
19 21 38
20 22 63
17 19 69
8 11 42
3 7 35
19 22 17
19 22 4
17 20 68
20 23 6
18 20 28
22 2 20
18 22 56
5 10 70
23 1 23
7 11 65
4 7 53
19 23 41
20 23 49
10 13 27
12 16 68
6 9 20
15 18 2
15 19 70
17 20 70
23 2 56
21 1 2
5 7 32
1 6 70
3 7 11
16 18 42
21 1 12
15 19 62
6 9 13
12 14 59
19 23 16
6 8 54
20 22 40
19 23 24
23 4 60
18 19 27
18 21 48
3 5 45
3 6 10
8 12 18
12 16 57
19 22 3
3 7 43
14 16 34
12 16 19
11 16 24
13 16 24
20 22 14
14 16 25
15 18 45
4 7 29
9 11 36
15 18 4
3 5 55
10 13 53
22 1 12
7 8 18
12 13 38
11 14 31
14 17 25
7 7 62
7 11 47
3 5 41
15 19 18
12 15 22
2 4 29
20 1 2
21 1 56
16 18 53
3 5 60
23 0 64
14 18 64
21 22 2
21 1 13
8 12 64
5 8 64
12 15 59
14 16 69
0 4 29
1 3 38
8 10 31
15 19 23
6 9 55
0 4 13
10 13 6
7 10 43
10 13 1
7 7 14
6 8 19
8 12 1
7 11 63
8 11 19
13 17 10
5 8 4
10 12 18
22 3 30
12 14 6
5 8 20
15 18 62
7 11 50
15 17 12
0 3 14
21 1 44
2 4 39
10 13 62
0 3 17
17 19 37
6 9 57
10 13 19
16 20 57
6 9 2
9 11 48
18 20 2
15 16 15
7 10 27
4 6 26
16 19 23
0 2 10
12 15 13
18 21 24
9 12 7
22 0 50
22 3 39
3 7 66
17 19 70
10 10 66
7 9 24
7 11 36
2 6 19
1 3 58
15 18 41
23 2 65
13 18 48
9 12 66
0 2 48
18 22 58
15 18 17
11 14 38
18 21 26
5 8 60
20 22 52
8 12 46
5 8 45
7 11 12
21 1 48
3 6 14
6 8 57
5 7 7
8 12 62
6 9 29
18 21 5
16 17 64
12 14 3
6 10 33
20 21 13
11 12 37
13 15 41
22 0 58
20 0 39
22 0 62
8 12 27
17 21 47
6 9 32
12 15 7
17 20 16
15 17 17
12 13 21
3 6 51
4 8 19
4 6 13
15 18 50
20 22 22
7 10 20
13 17 42
20 0 5
6 9 26
12 15 22
9 12 28
17 19 23
14 15 21
21 1 24
6 8 5
17 21 20
2 5 70
3 6 17
14 18 58
19 22 12
5 8 37
13 14 43
20 23 21
8 10 13
9 13 66
8 11 59
3 7 62
1 4 45
22 23 65
1 2 7
1 5 23
7 11 58
0 3 46
18 21 28
18 22 38
10 13 57
1 7 12
13 16 17
6 8 68
4 6 40
12 16 31
14 18 44
12 14 43
3 7 39
18 20 4
16 18 45
4 6 14
4 7 25
16 18 43
7 10 46
17 21 65
12 17 33
18 21 15
2 4 10
14 15 40
2 6 20
6 8 28
3 8 40
8 11 13
14 18 23
21 1 53
12 15 68
0 2 20
14 18 63
22 1 36
16 20 55
22 1 69
16 20 28
2 6 29
22 1 21
18 22 53
11 15 20
21 23 62
21 0 2
2 5 70
16 19 53
18 21 57
2 4 68
20 0 31
14 17 10
0 3 61
10 13 11
3 7 25
1 4 16
18 22 17
8 10 34
21 1 39
16 19 44
10 12 9
7 10 9
4 7 31
19 23 33
17 19 67
0 4 3
18 21 52
5 8 22
3 7 42
10 11 27
19 22 29
4 6 10
22 1 1
3 5 3
10 13 68
0 5 20
14 17 48
4 7 31
9 12 70
22 3 64
15 18 53
23 2 41
4 7 53
20 20 15
13 17 30
9 12 4
13 16 23
3 4 69
23 1 57
11 14 55
7 9 24
20 0 9
13 15 11
0 3 38
1 5 63
23 0 21
2 7 24
19 22 66
16 20 69
22 1 58
23 2 30
20 22 69
17 20 8
22 3 40
14 17 5
18 22 16
23 2 23
20 21 43
16 19 29
3 6 54
17 20 64
2 4 6
11 15 57
8 11 68
22 0 50
8 10 61
16 19 43
9 12 24
18 22 64
1 4 50
12 13 16
16 19 44
13 15 9
23 2 24
22 2 25
23 3 53
4 6 7
22 23 53
14 14 22
15 19 43
6 9 41
5 7 17
23 2 36
5 7 59
19 23 3
6 10 16
5 7 65
13 16 20
12 13 13
10 14 63
22 1 2
13 15 30
0 3 70
17 19 31
19 20 28
4 9 33
6 10 30
9 10 36
18 21 35
17 20 8
22 0 28
18 21 51
15 17 39
9 13 42
20 23 69
1 5 16
14 18 34
21 0 10
3 6 42
15 19 6
6 7 55
10 14 35
6 9 51
20 23 59
12 16 70
6 10 20
19 21 1
8 11 69
9 9 46
10 13 65
21 1 64
14 16 45
14 16 69
0 4 57
21 0 50
6 9 40
0 3 70
3 5 67
11 15 29
18 21 57
11 13 17
19 22 49
6 10 58
20 0 14
11 16 47
10 14 47
9 12 10
9 14 31
10 12 38
6 10 37
15 19 26
14 16 54
17 19 42
2 4 63
21 1 46
17 23 63
21 22 16
17 20 20
4 8 22
10 12 64
13 16 17
5 8 13
19 22 45
5 8 23
3 6 65
13 16 21
7 11 14
10 13 33
14 17 40
14 18 24
8 12 1
23 1 18
22 3 59
3 6 57
0 2 40
8 12 51
4 8 31
5 9 14
16 20 39
11 15 17
19 22 5
7 11 11
9 11 6
15 20 31
17 20 63
22 1 66
22 1 40
4 8 19
19 22 45
22 1 40
5 6 31
12 15 65
11 14 6
2 6 60
20 23 16
2 4 61
3 5 15
8 12 4
13 16 34
15 18 12
