1100 90
12 30 89 38 26 22 82 26 84 13 78 81 68 53 14 86 17 32 37 16 3 12 14 25 55 36 10 37 38 88 86 14 90 15 41 55 73 52 78 63 42 61 36 14 70 6 35 37 36 28 18 19 61 90 51 31 49 58 43 31 3 19 23 77 25 76 85 89 86 66 6 53 28 71 83 63 43 5 66 6 39 76 82 19 79 81 58 62 58 55 
2 5 79
6 10 48
17 20 20
6 9 17
2 6 87
15 18 51
17 20 86
8 11 52
11 13 50
5 9 30
2 5 6
8 11 63
0 4 64
14 16 5
15 18 82
15 16 85
4 7 79
0 6 15
3 7 76
23 2 41
3 8 34
14 17 66
22 2 37
0 3 64
7 10 84
14 18 90
14 16 87
7 11 59
19 22 35
7 8 6
5 11 15
20 23 12
1 4 78
15 17 43
10 14 13
17 19 7
15 17 71
8 12 69
19 21 31
5 8 78
3 7 38
20 23 6
6 9 13
10 14 33
10 12 39
0 3 65
19 23 85
7 7 71
19 21 56
8 12 75
8 14 54
18 22 56
20 23 44
21 23 31
10 12 75
19 23 69
3 6 67
11 15 62
12 14 25
0 3 64
1 4 86
22 0 75
9 10 19
10 14 11
3 6 78
21 0 26
19 21 46
15 19 57
5 7 89
22 2 71
10 13 55
20 23 26
3 4 34
21 23 53
14 18 74
12 14 64
7 10 43
0 2 45
4 7 53
3 8 29
19 1 58
18 22 79
20 23 8
11 14 31
22 1 9
14 18 85
10 13 12
23 1 80
10 10 5
14 16 69
3 5 46
6 9 79
18 20 55
16 18 49
22 1 14
0 4 74
18 19 44
14 16 39
5 7 46
3 5 68
5 9 8
11 14 88
4 7 59
9 12 15
2 4 85
19 23 14
9 12 80
19 20 14
19 22 22
12 16 30
21 23 85
9 11 74
1 2 34
1 4 64
22 2 90
7 10 63
6 10 29
4 7 40
23 1 29
15 16 7
22 2 44
0 3 51
16 19 51
10 12 39
12 14 37
1 2 13
2 5 87
2 5 30
5 9 74
21 0 17
3 7 71
7 10 89
3 7 70
19 22 43
18 21 2
15 19 1
17 20 31
5 8 6
5 8 56
8 10 21
10 13 87
18 22 5
7 10 35
4 8 30
7 11 34
10 13 53
23 3 38
0 2 59
14 17 50
5 7 69
0 4 72
9 11 17
1 4 83
6 9 29
8 11 54
12 14 42
22 3 78
9 13 46
6 8 77
20 23 86
4 7 35
10 12 84
21 23 55
19 22 67
15 18 79
13 17 23
13 15 9
13 19 53
16 19 53
12 15 62
5 7 75
15 18 20
6 10 60
0 6 36
22 1 68
0 4 1
8 11 36
4 6 62
22 1 39
11 15 19
6 9 52
8 10 77
3 5 76
17 20 67
15 18 35
22 0 13
10 13 82
8 11 48
9 12 60
3 6 24
3 8 85
8 11 35
23 3 69
23 1 34
10 13 58
9 12 49
4 6 64
2 6 47
8 11 4
22 23 69
11 15 17
2 7 17
11 14 18
17 18 53
21 0 89
6 11 88
15 18 31
20 1 78
12 16 44
14 16 63
8 10 14
4 6 58
10 13 24
21 23 14
21 0 55
15 18 31
7 8 68
11 14 64
14 16 21
13 19 8
5 6 26
23 3 88
1 5 12
7 9 1
13 17 81
12 15 24
11 17 9
2 6 37
5 10 61
18 18 5
3 5 60
8 10 57
12 17 69
14 18 48
4 6 83
0 4 21
23 2 36
13 17 10
0 5 84
19 21 36
1 4 44
14 16 54
5 8 14
14 18 74
20 0 10
3 7 50
2 5 79
21 1 2
8 12 4
21 1 3
11 13 36
17 22 14
18 21 81
10 11 33
6 8 47
8 11 48
18 20 24
9 13 45
4 7 2
13 16 44
12 15 41
6 8 59
7 10 82
7 8 44
21 0 47
14 16 20
10 14 15
19 23 42
4 7 45
8 12 86
0 2 26
2 7 63
17 20 37
18 20 40
13 16 19
0 2 45
1 3 34
11 13 28
9 12 28
2 4 58
21 1 76
21 0 82
3 7 42
18 21 75
23 1 31
4 8 79
0 3 75
14 17 3
7 11 55
23 1 74
4 9 21
13 16 17
7 10 9
16 20 3
20 23 57
0 3 53
11 14 82
2 6 4
5 8 37
18 20 27
8 11 52
2 5 34
20 21 74
9 12 26
7 12 23
3 7 32
21 2 34
20 1 63
14 17 59
17 21 37
10 13 73
16 21 28
15 18 44
19 23 44
6 9 58
20 20 83
4 7 34
20 23 64
18 22 29
19 23 20
2 6 14
9 13 4
21 1 9
5 5 89
21 1 88
9 12 16
7 10 85
20 23 8
19 21 63
17 20 7
3 5 27
14 17 43
22 1 84
22 0 84
20 0 87
3 7 86
21 0 50
19 23 76
7 10 88
22 1 37
2 3 9
19 23 41
13 16 79
9 12 51
16 18 33
2 6 29
8 10 15
20 22 55
22 1 17
11 14 65
1 5 13
15 19 77
23 3 51
20 0 1
6 9 64
15 18 89
23 1 83
23 1 14
14 18 46
1 5 57
18 21 3
16 20 50
20 0 32
14 17 88
1 4 87
14 17 55
3 5 30
0 4 8
16 18 39
23 4 7
19 22 27
9 12 8
3 6 5
5 8 51
10 13 89
3 5 62
19 1 62
6 9 12
4 8 59
4 9 29
19 23 89
12 14 67
8 13 61
11 14 50
12 15 48
0 5 31
9 12 83
9 12 26
14 16 64
4 9 32
21 0 64
6 10 68
3 5 89
9 13 62
4 7 15
22 2 16
4 7 58
7 9 60
16 19 83
16 19 64
11 15 59
14 17 3
12 15 1
21 1 21
22 0 78
8 11 77
3 4 33
0 5 89
1 4 45
23 1 17
17 21 26
3 7 43
12 15 17
23 1 12
0 4 9
12 16 68
22 1 54
7 8 62
6 9 75
13 14 44
16 20 44
8 11 80
18 20 70
23 3 66
17 20 3
1 6 15
5 10 60
1 3 26
16 20 22
7 9 35
21 23 90
21 0 28
13 15 49
2 4 69
9 15 80
2 6 77
3 6 87
15 17 87
8 10 19
12 16 6
20 23 11
3 7 74
2 5 19
1 3 78
14 17 84
5 8 49
4 7 44
9 12 63
12 15 57
15 19 89
0 1 83
12 16 46
6 7 6
17 21 2
23 2 56
14 16 17
12 14 23
9 13 56
19 23 32
17 20 52
14 18 24
6 9 64
19 22 87
8 11 64
11 14 43
19 23 23
2 4 62
10 13 62
1 3 56
7 10 29
10 12 9
23 2 78
21 23 54
7 11 90
4 8 35
15 19 60
6 9 68
18 22 19
13 16 64
6 8 9
11 14 44
7 10 28
18 22 74
12 14 23
6 9 55
7 10 21
3 5 2
1 5 35
6 7 88
3 6 55
9 11 54
13 15 74
5 8 68
8 10 21
12 15 63
7 10 58
13 15 49
21 23 20
9 13 44
3 6 11
9 12 64
10 13 75
6 10 70
10 15 84
6 9 81
13 16 32
20 22 89
7 9 59
23 1 24
6 9 8
22 1 7
22 1 36
21 1 28
18 21 58
18 20 40
22 0 26
3 6 59
17 17 2
21 0 73
18 22 8
15 19 50
16 19 50
10 12 21
23 3 7
7 10 55
18 22 42
7 10 62
23 2 2
2 6 11
0 2 53
7 10 63
3 5 57
23 23 32
15 18 6
6 7 70
11 14 4
21 0 26
21 23 23
6 8 72
20 23 24
6 9 35
13 15 20
6 8 40
12 14 5
5 8 1
1 5 26
4 7 40
9 13 21
6 9 32
9 12 58
20 0 40
11 14 11
22 4 75
11 14 28
10 12 64
19 23 34
16 19 11
15 19 51
1 3 69
21 23 22
7 9 79
11 14 10
22 0 69
13 16 67
0 5 48
20 23 29
15 18 14
14 17 43
3 5 60
23 3 49
14 17 81
6 10 19
18 21 14
5 8 17
11 15 16
3 6 57
23 3 60
13 17 32
23 2 46
14 17 74
21 0 8
3 6 49
4 6 33
7 11 73
22 3 75
22 1 35
1 5 64
7 11 36
23 2 74
10 12 62
14 18 3
1 5 32
17 20 47
5 8 10
20 23 56
22 0 54
20 23 6
17 21 1
15 20 79
13 14 79
9 12 54
14 16 11
6 12 7
5 8 83
21 23 23
22 0 46
6 10 3
15 19 12
19 22 44
14 18 11
3 6 86
4 9 79
9 12 48
21 0 34
21 0 72
4 9 76
10 12 42
7 10 19
6 10 16
1 3 45
16 19 26
2 5 18
13 16 5
23 3 61
9 12 34
5 8 8
18 21 86
15 18 76
21 1 62
17 20 3
1 5 30
0 4 80
16 19 60
9 14 42
14 18 27
5 7 42
9 14 57
1 6 15
14 18 82
17 18 80
12 15 43
23 5 24
11 13 82
5 8 22
19 22 43
3 5 6
17 20 73
16 21 2
2 5 38
22 2 35
9 13 7
12 15 10
5 9 34
4 9 12
14 15 30
18 23 80
9 13 61
0 4 48
17 19 17
16 19 51
15 18 26
20 23 24
6 9 29
14 18 25
7 10 68
0 5 25
13 15 66
18 19 2
16 19 42
17 21 57
7 9 30
23 2 19
11 13 48
6 9 64
2 4 59
18 20 63
12 15 27
5 8 53
7 11 81
7 11 82
6 9 64
12 17 11
23 4 75
18 18 25
15 19 80
3 6 76
18 20 84
4 8 62
18 21 41
13 18 63
20 22 19
18 21 39
13 15 24
8 11 7
1 3 72
17 21 54
3 6 78
23 1 45
4 9 86
18 21 41
6 9 27
3 6 36
3 5 24
5 8 58
7 10 55
8 9 40
23 0 89
1 6 35
1 3 68
15 18 65
6 10 88
19 22 44
18 23 59
16 18 51
4 7 47
13 17 49
14 16 80
5 10 10
14 18 60
8 12 14
13 16 61
19 22 73
4 6 43
0 2 2
23 3 51
1 4 9
11 12 73
16 19 60
13 14 19
21 2 28
3 8 1
1 5 49
8 12 81
17 18 57
15 18 63
0 2 26
12 16 75
7 11 4
6 10 5
20 22 86
19 23 22
5 7 40
7 10 31
12 13 59
17 20 53
4 8 38
7 10 9
3 8 6
6 8 89
2 6 47
8 10 50
23 2 40
8 11 76
9 10 62
15 18 44
18 21 44
2 6 64
4 7 33
1 6 17
15 18 13
14 16 29
5 9 70
8 10 86
8 12 38
0 2 33
11 14 52
10 15 89
15 17 73
21 23 47
4 5 43
2 5 5
22 2 62
22 23 90
11 14 75
1 5 49
7 9 31
22 1 24
2 5 78
13 16 62
2 6 9
2 5 37
7 8 40
1 2 33
15 17 51
21 23 37
10 12 8
23 2 86
10 14 42
15 17 20
11 13 30
21 23 90
22 0 25
3 7 51
8 10 41
4 8 84
22 23 15
21 0 21
20 23 36
1 5 16
7 10 29
10 12 38
6 9 86
1 3 33
15 18 40
12 15 62
20 23 33
11 13 73
16 18 68
15 19 88
6 10 59
7 9 68
13 17 23
2 4 21
1 4 37
9 12 60
12 13 11
15 17 79
21 3 62
0 2 4
2 4 52
1 5 89
1 4 22
16 18 23
2 6 76
18 22 62
3 6 50
20 21 47
13 17 12
12 16 67
6 8 76
8 12 44
21 22 78
1 6 53
9 13 60
8 11 29
10 15 6
3 6 26
18 21 3
16 19 1
9 13 67
17 20 51
13 17 74
19 0 22
0 3 38
2 6 2
5 9 17
10 14 49
17 20 45
12 14 83
17 21 61
9 13 60
17 19 1
4 9 62
19 21 48
5 8 22
16 18 23
6 9 66
2 5 79
5 8 80
17 19 20
17 21 57
6 9 40
20 0 5
20 22 32
15 19 43
13 16 48
5 8 58
5 7 70
11 15 45
12 15 42
14 16 58
5 8 84
2 5 39
5 9 74
16 20 17
3 4 47
0 2 49
11 16 72
13 15 89
2 5 90
13 16 82
6 7 85
2 5 16
6 8 16
17 20 51
9 11 87
16 19 77
6 6 90
23 1 82
20 0 69
2 4 49
16 18 29
23 2 24
15 18 34
12 15 42
7 10 54
20 21 63
10 12 64
9 12 83
20 0 32
22 1 30
2 4 66
16 20 15
1 5 38
3 4 26
2 6 20
22 1 46
15 16 37
7 11 70
6 8 48
13 16 58
9 12 42
0 4 44
4 7 15
13 18 80
12 15 8
21 23 67
2 6 26
22 1 66
2 5 36
20 22 2
7 11 11
19 22 44
16 19 77
19 0 10
9 13 39
17 19 18
23 1 32
5 9 24
5 7 40
16 18 51
12 14 30
18 20 75
3 6 70
5 8 29
7 12 28
0 2 31
14 18 55
11 14 75
12 14 8
8 10 50
3 5 60
16 18 51
21 1 70
16 19 20
5 7 72
23 2 34
1 6 26
6 9 1
7 10 90
20 0 78
11 13 13
7 10 72
18 20 89
15 18 5
14 15 24
7 10 58
11 13 67
4 7 15
14 17 86
4 6 40
3 7 21
11 14 89
17 18 50
5 7 71
20 22 48
12 15 33
1 2 31
21 0 67
1 6 13
3 6 42
8 11 38
9 13 72
0 4 65
11 13 33
14 17 14
11 13 67
19 21 65
21 0 20
23 1 2
13 16 21
19 21 80
7 10 77
18 19 10
21 0 86
0 3 20
22 23 34
6 8 55
12 16 33
11 14 72
2 8 86
19 23 23
4 7 10
16 18 28
16 17 59
13 17 6
8 12 65
0 2 88
4 7 76
22 3 65
8 11 27
16 20 58
19 23 72
10 14 32
21 2 50
8 10 83
11 13 19
6 8 12
7 11 68
5 9 47
14 17 62
7 9 36
2 5 11
16 19 21
18 20 51
22 1 7
9 12 41
21 1 74
19 21 77
10 13 43
16 19 69
18 21 86
1 4 8
10 13 61
3 6 33
22 1 83
7 11 53
10 12 49
1 5 23
0 2 15
8 13 28
4 8 65
2 5 40
2 4 83
23 1 41
14 19 43
12 13 56
18 20 34
10 15 89
9 12 25
8 11 63
13 17 38
19 22 79
1 4 56
20 0 27
16 19 34
21 1 11
22 0 76
8 11 67
21 0 70
18 21 22
23 1 47
19 21 28
7 10 64
3 5 39
19 21 46
12 18 15
23 3 3
16 19 21
13 17 45
8 10 85
3 7 35
21 0 12
2 6 46
16 20 61
23 2 2
22 1 54
3 8 40
14 16 64
8 10 77
22 2 14
17 20 39
3 5 70
3 7 73
7 10 67
6 11 27
14 19 13
20 0 80
7 11 79
21 0 85
6 10 71
1 5 15
19 23 61
18 21 5
8 13 87
10 13 55
2 4 13
16 21 72
15 17 45
12 15 60
10 14 43
13 16 17
23 3 74
9 12 60
11 14 55
14 17 58
14 16 90
22 3 77
7 8 13
10 13 57
