1200 50
2 2 33 29 40 41 45 12 50 30 47 36 11 5 34 15 3 31 12 36 34 16 27 35 30 1 8 23 24 38 40 31 31 30 2 27 28 1 8 1 14 17 17 39 21 46 15 41 33 27 
12 14 26
12 15 45
1 4 42
14 17 20
20 23 39
10 14 39
12 14 17
9 13 19
13 16 17
0 2 2
18 20 38
11 12 35
12 13 22
3 5 18
12 16 2
3 7 28
8 11 29
10 14 27
4 6 20
18 23 13
7 10 32
18 21 26
22 0 22
8 10 45
21 0 49
18 20 7
12 15 41
0 4 1
15 19 49
8 12 48
0 2 23
6 9 23
5 9 12
12 14 38
3 6 28
23 2 37
22 1 19
13 16 8
22 23 20
18 22 19
1 3 39
16 19 14
0 5 33
22 3 50
10 13 17
9 14 1
9 13 41
3 6 30
8 10 40
5 7 38
8 11 19
5 9 23
11 15 41
16 20 46
14 17 20
11 13 7
17 21 6
16 18 17
9 13 44
16 21 43
3 5 13
12 16 13
5 8 14
8 12 22
9 12 7
1 5 38
19 23 29
7 12 44
15 18 12
14 17 3
20 23 10
19 21 25
8 10 17
9 11 19
15 19 25
7 10 25
19 20 28
16 19 34
14 18 36
20 23 29
17 20 37
18 21 14
5 9 14
4 8 14
11 14 13
23 1 26
8 11 25
22 0 4
3 4 2
8 11 4
0 3 33
10 12 1
13 16 27
6 8 14
20 23 5
7 9 31
18 20 12
6 9 29
23 2 38
17 22 46
10 14 5
12 15 19
15 17 5
9 12 13
23 3 30
15 17 48
1 2 20
4 8 47
11 14 32
16 17 2
11 16 17
6 9 9
9 12 44
8 11 20
19 23 47
6 7 22
17 20 36
23 2 46
11 16 43
13 17 37
19 22 7
20 20 26
6 10 5
11 15 41
10 13 17
4 6 50
22 1 4
16 20 43
11 13 19
7 8 47
8 12 43
13 18 25
19 22 50
2 4 28
5 8 44
2 7 35
9 13 5
2 5 4
23 3 27
13 15 41
6 8 44
17 19 40
16 17 17
6 10 16
22 0 34
13 15 16
16 20 4
0 4 1
4 7 37
1 3 12
16 19 30
20 22 9
18 23 43
18 21 41
11 16 9
8 10 45
6 10 42
18 22 4
21 23 49
11 15 25
10 13 27
19 23 3
17 19 20
5 8 29
15 18 26
7 10 31
19 23 3
6 9 8
17 19 18
17 20 44
17 20 40
13 17 31
13 14 32
9 13 2
3 6 18
11 13 35
23 2 22
19 21 7
15 20 9
22 2 27
3 6 11
5 10 22
11 15 39
11 13 7
12 14 34
11 15 4
13 14 2
19 22 49
14 17 39
2 5 40
4 7 7
7 12 39
7 12 21
12 15 22
6 8 40
10 13 39
0 3 15
3 6 11
20 20 9
13 15 6
7 9 13
6 10 45
20 23 36
22 1 36
14 17 19
18 19 10
16 18 2
20 0 12
15 16 29
12 15 20
8 10 50
10 13 50
10 13 10
0 4 47
19 23 22
9 12 20
5 10 15
5 8 17
4 6 48
0 4 22
7 7 9
3 7 41
23 3 7
2 6 41
22 1 8
3 5 46
9 12 50
22 2 45
6 10 7
16 19 24
6 9 44
18 21 20
8 11 22
5 7 15
0 4 38
12 15 24
19 23 28
11 14 15
3 6 32
5 7 50
23 4 46
20 23 26
6 8 11
10 13 40
1 4 25
17 22 6
22 2 45
21 1 24
5 6 18
15 20 33
6 9 8
9 12 19
19 23 39
20 0 23
6 9 21
0 2 1
13 16 28
16 20 49
1 4 43
4 8 2
23 2 36
5 9 50
9 13 50
13 16 35
4 8 13
19 22 40
21 0 33
13 15 33
4 5 49
7 9 36
19 22 4
11 14 10
12 15 44
3 7 6
17 20 30
15 19 20
11 15 20
15 19 13
23 5 7
16 20 14
21 1 29
23 0 2
16 18 27
0 4 14
3 6 7
1 3 35
21 0 19
23 1 24
1 5 11
6 9 34
0 4 1
0 4 43
6 9 16
1 5 17
21 2 40
1 3 2
18 20 12
19 0 25
22 1 15
12 15 45
11 15 3
16 18 24
19 23 18
1 5 4
12 16 47
8 12 33
18 20 19
5 7 39
0 3 2
19 21 33
21 0 33
19 23 24
10 12 27
5 8 26
11 16 36
1 3 3
8 11 35
6 8 49
2 5 26
18 22 35
12 14 24
4 8 30
8 12 7
9 12 12
20 22 8
1 4 17
21 0 44
14 15 34
12 14 11
16 20 22
7 11 5
11 13 34
0 3 15
2 5 34
18 19 1
3 7 34
15 17 36
23 2 44
5 10 11
7 10 3
13 18 18
22 2 13
10 13 1
5 8 3
12 14 4
0 3 50
11 14 49
17 21 25
2 5 15
22 2 11
3 7 12
20 23 10
11 14 46
20 23 45
16 19 1
21 0 8
12 14 22
3 6 44
22 1 26
17 23 25
19 22 6
7 9 19
12 16 26
7 12 13
13 17 36
18 20 6
21 0 22
12 17 31
4 6 22
13 16 42
9 12 24
21 23 32
19 22 27
17 20 11
13 17 32
15 20 13
22 1 39
21 23 24
4 8 34
3 6 43
21 3 25
10 13 14
22 2 15
6 8 47
0 3 12
2 4 22
4 5 16
6 9 2
10 14 44
9 11 11
9 12 5
7 10 2
22 1 43
8 12 31
23 2 26
3 7 23
2 5 50
5 8 33
5 6 10
5 8 38
22 1 5
19 21 40
3 6 6
6 10 17
12 16 43
18 20 6
21 0 11
11 14 26
0 3 16
5 8 9
0 3 11
21 23 12
1 4 48
9 10 44
5 9 7
6 8 1
17 20 38
20 22 11
20 0 32
18 21 3
16 18 3
17 20 37
20 22 3
9 13 12
23 3 28
16 17 28
8 11 44
9 13 19
23 1 10
11 15 42
1 5 37
19 21 38
19 23 48
21 21 24
18 20 4
20 23 19
8 12 37
13 15 48
16 19 40
4 8 47
4 6 50
20 0 32
15 19 39
8 11 17
2 4 3
16 19 48
22 0 9
1 5 20
19 22 18
16 20 23
22 1 20
13 15 17
5 9 14
5 5 13
16 19 42
2 4 19
3 6 11
17 21 6
15 21 5
15 19 22
21 1 5
11 14 32
12 15 15
10 14 43
2 5 24
9 11 37
13 16 23
7 9 40
23 3 37
14 17 24
7 9 44
14 14 31
19 23 19
5 7 20
6 9 15
4 7 39
12 16 50
19 21 43
3 4 47
9 12 18
2 5 46
3 5 2
6 9 1
21 1 46
6 8 50
9 12 16
8 12 11
12 16 9
0 4 19
9 13 18
21 1 47
16 19 18
2 5 34
4 6 32
8 10 17
7 12 18
4 7 40
1 3 1
12 15 14
11 15 24
5 8 5
0 3 37
11 16 50
15 19 39
18 20 17
16 20 50
13 15 2
5 8 35
18 21 9
1 3 23
1 6 34
6 8 7
1 4 4
15 19 22
4 8 6
9 11 50
19 23 26
4 8 21
8 12 32
1 4 35
7 9 48
3 6 13
21 23 35
16 19 27
22 1 6
10 12 21
6 8 14
9 11 21
0 2 35
6 10 24
13 15 38
17 21 28
0 3 8
22 1 40
13 16 35
10 14 27
16 20 23
11 15 46
18 20 27
23 0 31
13 15 44
10 13 34
5 8 21
21 1 48
17 20 33
0 4 36
5 9 23
20 23 42
6 11 16
8 10 7
4 7 44
7 9 48
5 9 7
20 0 39
19 21 10
22 1 19
7 10 27
4 10 14
7 11 39
20 22 31
2 4 47
4 8 48
14 17 22
7 12 28
22 1 40
9 13 41
1 4 44
9 13 32
9 13 37
23 2 24
13 17 20
9 12 26
11 13 9
9 11 27
10 14 1
5 8 39
5 7 19
18 21 43
13 16 39
18 21 6
18 21 35
11 12 35
18 20 15
17 20 36
0 2 19
18 21 23
9 12 10
18 20 34
4 7 1
22 0 41
4 8 13
2 6 27
16 20 16
18 21 15
16 19 22
0 3 16
20 23 22
7 8 6
20 0 46
21 0 45
10 13 26
13 17 32
9 10 7
21 1 37
8 12 45
6 9 18
20 23 1
13 17 27
14 14 14
23 2 40
4 5 30
16 19 39
23 2 39
1 3 37
13 16 39
23 3 40
10 12 48
11 14 6
7 10 22
2 8 4
11 13 44
22 0 33
2 5 25
4 6 32
9 13 47
15 18 2
5 9 34
3 7 19
22 0 47
15 20 43
5 8 1
6 7 5
11 13 4
7 10 8
5 9 4
16 18 26
9 12 26
4 9 23
10 13 49
10 13 15
9 12 14
6 7 48
3 8 32
1 5 16
16 20 36
6 8 46
16 18 35
4 7 16
17 21 29
14 17 33
6 8 15
2 5 34
18 20 48
9 12 32
14 17 12
3 7 18
14 18 46
11 15 16
11 14 9
16 19 27
18 21 34
0 3 20
20 0 26
2 5 13
15 19 38
2 5 6
0 4 50
8 11 36
19 21 34
21 1 30
21 0 40
19 22 3
11 16 49
20 0 43
17 20 21
17 20 36
18 21 42
9 11 35
19 22 8
14 17 7
17 21 17
23 1 19
19 20 49
3 4 48
22 0 34
11 14 43
15 17 38
21 0 49
20 23 9
4 6 33
13 17 33
19 22 39
17 20 11
11 15 50
19 22 25
17 20 37
21 0 14
22 0 36
17 17 41
15 16 24
9 13 34
15 17 9
11 13 31
8 10 30
16 19 3
22 0 23
9 12 31
0 4 5
12 16 45
14 18 50
22 1 39
23 2 22
17 19 17
22 1 18
4 8 50
9 12 26
12 16 3
5 9 45
8 11 32
5 8 15
7 10 38
19 21 5
1 4 9
13 15 40
20 23 19
3 6 8
4 8 39
4 6 20
5 6 43
21 0 40
2 4 33
9 14 23
19 22 25
15 20 15
21 23 27
23 4 6
16 18 30
0 2 13
6 9 31
6 10 19
20 23 2
3 7 41
6 10 32
7 9 38
16 18 47
1 5 34
22 0 31
8 11 45
13 17 2
5 9 17
1 4 23
12 15 42
14 19 37
3 7 45
13 16 37
12 13 50
3 7 15
22 23 49
16 19 14
17 22 19
23 2 30
20 22 6
16 18 27
6 8 20
23 1 42
7 9 11
7 10 14
16 19 4
12 14 35
9 13 28
16 19 18
23 1 12
23 3 27
2 5 49
23 3 9
11 12 1
4 6 50
2 4 7
18 21 14
7 10 43
23 4 1
10 14 9
16 20 13
8 11 29
10 14 45
10 13 28
20 22 21
8 11 19
11 12 31
8 13 37
11 15 34
22 2 32
10 13 43
18 19 35
7 9 8
2 5 45
1 3 5
7 10 15
12 15 15
8 13 10
2 5 16
12 15 49
18 23 24
5 8 22
21 0 27
9 13 4
20 22 21
9 12 4
5 8 27
7 10 42
12 17 5
8 11 9
23 3 42
10 11 30
23 3 48
14 17 4
21 23 47
14 18 41
1 6 18
20 1 31
6 10 4
15 18 10
10 13 16
5 6 16
23 0 11
8 11 13
22 2 42
9 11 5
8 12 30
16 19 17
9 12 11
18 20 39
19 22 49
14 18 17
3 7 9
4 6 41
20 22 38
2 4 28
10 10 22
15 19 49
10 13 12
3 6 24
18 21 23
18 20 15
5 7 46
11 14 3
20 0 19
8 12 50
16 18 15
12 14 14
18 20 10
21 23 20
12 15 13
4 7 32
15 17 20
16 19 15
18 20 7
19 21 9
17 20 45
6 11 5
13 15 44
13 16 8
0 3 35
12 15 17
8 12 3
14 16 32
4 7 48
1 4 1
10 14 23
15 19 50
6 11 46
22 1 6
16 18 9
23 1 46
3 6 23
7 10 13
11 14 35
2 4 26
6 9 48
1 5 10
3 5 10
20 0 12
4 6 18
9 11 42
18 21 21
18 21 8
8 10 14
13 16 41
10 12 25
9 13 40
21 1 9
2 4 28
21 23 28
20 22 50
2 7 30
13 16 3
1 4 17
6 10 38
6 10 25
5 8 20
8 12 25
11 14 20
3 6 19
19 21 43
5 9 25
21 23 13
8 12 7
3 6 46
0 3 44
15 18 36
5 8 34
7 12 25
8 11 46
5 8 12
5 9 17
15 18 34
19 20 10
5 6 18
21 1 18
12 16 10
17 19 14
4 6 13
2 5 48
13 16 12
19 22 47
19 21 42
1 5 31
23 2 5
7 11 47
13 16 3
21 1 13
19 23 24
5 8 5
1 5 6
22 0 18
5 8 38
1 4 7
23 1 31
1 5 21
2 6 2
5 10 28
1 4 24
11 15 28
4 9 27
20 22 20
23 2 39
15 19 32
15 18 40
16 18 4
15 18 39
14 18 20
1 4 14
19 21 3
18 21 10
2 7 43
8 11 12
15 18 8
6 10 12
2 6 2
16 19 7
8 13 6
15 19 1
9 12 50
5 9 44
1 4 4
9 13 24
10 12 48
0 4 46
5 8 39
2 5 38
1 5 19
20 23 12
12 15 9
10 15 38
8 12 7
17 20 37
1 3 29
2 4 24
12 15 14
7 7 49
5 8 30
6 10 12
23 3 40
7 10 20
2 7 24
23 3 20
9 14 49
13 17 31
18 20 10
3 9 22
7 11 49
7 9 38
23 3 25
1 5 24
7 8 22
7 11 20
23 3 42
6 9 6
3 5 44
10 12 49
5 10 41
4 7 46
5 8 16
22 2 47
3 6 12
6 9 28
5 8 13
23 1 15
15 19 31
13 16 7
23 0 6
21 1 7
20 23 27
1 4 47
11 14 44
10 14 13
10 11 41
8 11 46
17 21 24
1 4 15
3 7 42
10 16 6
5 8 6
21 1 50
14 17 49
14 18 42
16 18 7
23 3 28
12 15 25
10 11 24
1 3 13
11 14 36
21 0 22
23 1 19
18 22 25
21 1 49
1 3 42
23 4 13
14 17 41
7 11 41
15 21 25
22 1 48
19 0 30
22 2 13
0 3 35
5 6 15
20 0 18
5 8 42
6 8 43
11 14 46
5 8 1
1 3 11
9 14 35
16 18 35
20 23 13
5 8 24
18 22 29
19 23 15
0 1 9
9 12 45
6 8 12
16 20 34
2 5 1
20 0 3
7 10 22
5 8 27
13 15 25
14 16 20
14 18 41
17 20 50
17 20 1
23 1 18
5 10 19
8 11 21
19 21 14
13 16 16
17 19 1
12 12 38
17 21 27
19 21 46
15 17 45
8 12 4
8 12 18
22 2 36
12 15 3
21 0 22
5 9 11
8 10 29
16 19 24
22 2 26
3 5 37
6 8 49
14 17 16
9 13 20
11 14 10
7 10 26
8 9 24
15 17 48
2 4 3
11 14 40
22 0 9
11 16 35
12 15 8
16 19 49
5 8 49
8 11 22
1 4 30
5 8 2
1 6 47
2 6 4
23 23 2
15 17 45
5 8 10
12 16 18
11 15 47
7 10 15
5 8 21
20 23 25
20 22 8
22 3 50
2 6 19
8 12 50
11 13 21
9 12 6
8 12 14
18 21 50
10 14 17
23 2 10
23 1 14
2 6 13
6 7 11
8 11 50
18 21 45
23 1 45
17 22 21
17 19 11
1 3 37
11 15 18
8 10 47
5 8 43
23 2 11
22 1 12
17 22 46
2 5 20
18 22 44
12 16 3
11 13 32
18 22 24
23 3 11
12 14 35
20 0 47
10 11 35
21 0 14
4 7 35
10 13 17
5 8 37
9 11 46
0 6 50
13 16 3
7 11 29
23 0 34
19 21 16
4 8 39
1 6 5
1 5 45
1 4 25
21 0 19
17 20 38
7 11 6
16 20 21
23 2 44
18 21 28
11 14 16
23 2 24
22 1 26
7 11 1
4 7 49
14 18 11
11 15 31
11 15 9
0 2 21
1 5 26
12 15 19
7 10 46
12 16 19
3 7 12
7 11 29
20 23 44
18 20 35
11 15 20
4 6 31
13 15 41
22 1 11
4 6 37
19 21 11
9 11 37
22 0 20
22 23 30
0 4 15
22 0 48
