1100 70
69 16 39 47 60 70 14 14 67 60 48 5 7 15 34 11 1 32 17 41 18 69 61 66 56 29 33 23 32 42 7 22 10 11 65 48 59 69 45 51 47 66 5 20 56 58 65 23 14 45 3 70 70 47 39 47 21 54 15 54 61 33 40 64 17 29 41 38 19 19 
10 13 21
13 15 19
5 9 26
22 1 13
21 1 7
10 14 39
7 9 62
0 4 58
5 9 13
4 7 32
16 18 28
18 21 4
3 5 22
21 23 52
4 6 54
10 15 4
3 6 65
13 16 70
21 3 22
14 16 16
19 22 10
1 3 20
0 2 68
11 15 69
6 9 5
18 21 14
4 8 34
20 22 31
16 18 65
14 17 14
8 12 60
4 8 55
9 12 55
4 6 17
13 15 23
14 18 20
14 17 13
8 12 62
9 11 26
7 8 25
0 2 21
23 2 1
1 4 50
21 2 24
23 1 39
23 1 64
17 18 19
7 10 52
22 0 49
10 13 54
3 6 3
20 23 2
18 19 8
4 6 10
22 23 67
3 6 62
2 5 70
6 7 9
0 4 41
3 6 15
4 7 44
17 20 10
5 8 46
11 14 52
1 5 9
3 6 28
17 21 47
7 11 11
7 10 3
13 17 11
0 4 11
13 17 2
12 16 31
20 22 12
9 12 58
11 14 39
5 8 62
20 1 36
5 8 62
14 19 26
23 3 33
21 0 32
5 9 68
15 18 27
10 12 37
0 1 42
10 14 59
4 5 5
23 2 7
19 22 49
6 9 30
23 2 8
20 22 32
6 7 33
23 2 69
5 9 41
20 23 44
18 21 20
20 1 3
15 19 10
21 0 21
12 17 61
16 21 31
17 18 45
21 0 59
5 8 35
15 19 67
5 8 3
2 6 67
10 13 38
0 4 32
16 18 50
14 14 32
22 3 34
0 3 24
18 21 14
5 8 21
12 14 16
5 7 60
17 21 51
23 1 12
13 16 23
21 23 66
23 3 19
10 11 15
8 12 25
14 17 45
20 23 53
4 6 2
12 16 43
3 5 20
22 1 22
21 0 32
14 17 2
1 7 6
14 18 57
4 7 31
4 8 21
5 8 51
8 12 69
16 20 11
7 12 46
11 15 20
20 21 21
23 3 33
16 20 37
13 16 61
18 21 19
5 9 1
10 13 36
21 23 54
19 23 20
10 12 7
4 6 34
11 14 6
13 16 3
7 10 18
19 22 19
19 22 37
16 19 1
12 15 18
2 7 14
7 9 50
18 19 22
8 12 57
14 16 45
12 15 66
14 17 52
21 1 67
21 0 22
18 21 54
5 9 41
14 16 7
3 7 27
6 8 45
3 5 27
9 11 15
5 7 40
8 11 35
10 12 32
2 6 24
19 22 49
23 2 60
0 2 43
7 9 52
13 17 12
7 9 35
13 17 57
14 16 51
17 22 61
2 3 23
19 20 61
19 22 42
3 5 15
2 5 53
22 0 57
15 19 9
2 4 26
16 19 3
11 14 26
14 17 44
5 9 59
5 10 58
12 16 61
16 19 15
13 16 36
6 9 70
3 7 22
5 9 12
5 8 29
1 6 51
14 17 19
7 10 16
13 15 69
19 23 25
21 1 2
8 12 48
20 23 52
13 15 66
3 6 51
8 11 35
14 17 45
0 1 4
6 9 29
11 14 49
1 3 32
22 23 34
0 4 64
8 11 51
21 0 5
20 1 69
7 11 40
14 15 32
17 20 4
5 9 29
2 6 60
4 6 29
19 22 2
19 21 44
2 6 4
6 9 21
15 18 37
7 9 23
13 17 20
10 12 16
15 17 33
5 8 17
5 8 54
2 6 33
9 10 60
22 2 24
9 11 47
5 8 26
20 0 41
13 15 69
21 0 20
17 21 2
9 13 39
10 14 55
18 20 13
8 12 17
5 9 9
13 17 66
5 7 32
6 9 18
17 19 45
14 17 34
14 16 5
7 12 42
11 14 37
19 22 5
21 0 53
3 5 11
2 5 42
4 6 42
14 15 31
9 13 13
11 12 19
12 15 15
16 19 63
1 3 3
22 0 55
19 21 9
11 14 70
12 15 18
22 0 36
20 22 25
15 18 1
15 19 22
2 5 70
0 4 56
11 14 63
15 18 31
14 16 52
14 16 22
8 10 30
1 3 2
8 11 37
13 17 26
3 5 1
19 21 14
4 6 47
18 22 57
17 21 4
7 9 19
15 20 54
6 7 41
20 23 13
3 6 13
16 19 18
20 22 36
1 2 2
22 2 10
18 21 69
22 1 36
20 0 68
3 6 31
1 5 11
14 18 45
5 8 41
11 15 21
3 4 69
16 20 16
12 16 37
23 0 51
13 18 41
5 6 69
2 4 69
14 16 34
2 6 14
14 17 32
14 16 50
23 1 36
7 10 35
3 8 68
0 3 38
3 6 41
19 20 20
10 13 15
18 20 52
3 7 55
23 3 16
14 16 68
7 9 9
18 21 57
5 7 38
15 19 69
8 10 62
0 3 29
20 1 10
17 21 52
23 3 68
4 6 57
16 19 11
4 7 32
18 19 70
21 0 42
22 0 37
10 13 52
9 10 25
17 20 52
15 18 52
20 23 65
14 17 11
14 16 5
23 2 64
3 4 44
5 10 30
4 7 66
1 5 54
22 0 58
22 1 37
20 0 64
21 0 13
0 1 25
2 5 44
4 7 50
10 13 58
17 20 59
14 16 56
12 16 32
23 1 31
2 6 11
15 17 44
8 13 12
19 20 42
17 19 40
14 15 51
4 7 68
21 0 65
19 21 43
8 11 70
14 17 41
1 4 62
4 7 18
14 18 15
6 9 66
3 7 22
8 10 8
9 14 38
18 21 62
3 7 49
22 0 12
13 15 67
20 0 52
15 17 2
19 22 28
7 9 13
9 10 59
6 8 8
1 4 20
22 1 12
9 11 6
18 20 50
20 0 14
2 5 19
23 2 65
9 11 64
10 14 19
8 11 12
20 0 40
17 19 60
6 9 17
20 23 51
7 10 52
1 4 21
18 22 16
15 17 59
1 4 24
20 0 32
4 8 3
13 15 47
1 4 55
6 11 45
9 12 47
3 6 11
15 19 13
8 11 58
15 17 36
0 3 64
21 23 1
12 14 24
11 13 64
22 1 48
6 10 25
3 6 54
22 1 21
15 17 13
6 8 67
16 18 62
16 18 28
18 20 11
12 18 7
20 0 52
7 9 6
12 16 39
19 22 59
3 7 8
4 7 14
0 3 37
1 3 70
20 23 7
0 1 28
10 14 45
22 1 7
14 17 46
0 2 9
11 14 2
0 3 53
15 18 61
15 16 45
19 23 47
18 22 16
17 19 31
9 12 16
23 1 70
7 11 18
22 1 56
2 4 53
17 21 5
19 22 13
21 0 41
1 3 60
9 12 64
7 10 61
10 12 3
15 16 3
23 1 62
20 22 67
0 3 26
5 8 31
4 8 51
13 14 2
22 0 19
9 13 29
17 22 5
3 4 56
19 22 60
18 22 6
23 1 12
8 10 70
4 7 35
12 15 52
0 6 2
2 5 38
8 10 62
16 19 1
20 23 9
2 3 19
2 7 30
14 18 53
15 19 52
13 15 67
18 20 35
1 4 36
7 12 42
2 5 69
17 19 9
15 18 51
17 19 55
13 14 46
18 23 4
21 23 13
6 8 31
23 3 47
2 4 54
3 6 60
15 18 67
22 0 30
11 15 60
20 23 33
5 8 49
3 7 49
21 2 42
0 4 22
17 18 50
9 12 17
1 4 10
10 13 3
23 2 59
6 8 14
18 22 4
22 0 70
14 17 70
13 16 2
4 4 6
0 3 48
19 22 38
5 7 35
11 14 32
7 9 53
2 4 60
7 11 54
12 13 47
11 15 1
11 12 51
19 22 65
10 13 3
15 18 14
0 3 38
20 22 60
15 17 34
2 7 47
7 9 61
9 12 39
16 18 26
22 2 7
12 15 70
12 14 53
7 9 53
14 17 69
17 22 35
4 5 61
17 20 37
0 1 46
2 6 70
18 23 15
15 18 54
2 5 41
3 7 55
15 18 30
7 11 32
5 7 50
3 7 13
13 15 8
4 7 58
7 10 1
2 5 17
18 22 42
20 23 37
9 13 10
21 22 51
3 8 62
19 22 18
20 0 69
18 21 67
2 6 44
0 3 5
0 4 34
5 9 4
1 4 41
1 5 1
3 6 16
15 17 51
4 8 27
19 23 33
8 11 65
18 19 23
8 12 69
12 15 66
13 16 21
19 22 66
14 18 57
4 7 60
6 10 21
19 21 18
21 23 28
13 16 44
1 4 7
5 8 63
13 16 20
19 21 21
12 16 45
18 20 25
17 19 20
2 6 58
15 17 38
4 6 20
6 8 30
10 14 63
21 23 3
14 17 49
16 20 49
19 23 62
23 3 27
8 12 65
23 3 34
1 4 28
6 8 31
17 21 46
15 18 13
12 16 1
1 6 22
2 5 41
23 1 23
19 21 53
0 1 24
22 0 28
0 4 62
2 6 40
20 23 17
0 4 1
10 15 9
5 10 27
15 18 62
23 2 68
8 11 47
0 2 22
13 16 1
10 13 41
0 5 60
17 21 59
11 13 13
12 15 58
22 0 30
16 19 4
10 14 38
15 16 30
8 10 67
6 8 51
16 20 6
6 7 49
3 6 66
18 22 6
4 8 27
22 1 4
19 0 47
6 9 21
14 15 15
5 7 43
12 15 38
12 14 27
14 17 1
18 21 31
12 15 61
14 17 44
7 10 31
4 8 34
2 5 3
17 19 19
13 16 23
13 17 55
2 6 3
16 21 70
23 1 57
9 12 31
2 4 34
4 8 62
10 14 57
8 10 10
15 18 23
10 12 50
1 5 16
4 7 36
6 11 36
12 14 11
4 5 31
16 20 29
23 3 3
10 14 37
5 7 57
18 20 53
10 14 27
2 5 15
14 16 65
8 11 16
6 10 9
15 18 68
1 3 69
4 6 61
4 6 51
23 3 41
6 8 68
2 4 17
15 18 21
16 19 36
22 2 16
10 12 10
8 13 29
18 22 63
14 18 28
11 15 23
14 18 1
19 23 35
23 3 32
0 3 67
4 7 25
19 21 39
17 21 23
11 12 27
15 17 46
18 21 3
0 2 11
22 23 40
13 16 51
20 0 64
1 3 64
3 5 65
18 21 48
22 1 46
19 22 31
18 19 6
5 8 25
4 6 29
17 19 46
20 23 52
13 16 31
15 17 38
19 22 30
10 16 24
16 20 59
4 6 23
2 3 59
14 17 35
0 3 45
15 18 65
4 8 56
3 5 52
23 2 6
19 22 16
22 1 44
1 5 38
5 8 65
11 15 36
10 14 64
14 17 24
10 15 63
1 4 37
16 18 68
1 5 11
22 1 31
0 4 5
21 2 39
21 0 56
21 23 65
16 18 59
6 9 46
13 16 21
22 1 24
10 12 22
18 21 63
13 16 69
21 1 41
20 22 2
4 6 64
11 14 11
16 19 15
13 15 45
18 20 39
9 10 47
6 9 27
23 2 53
5 8 13
1 2 62
23 1 12
13 16 69
11 15 60
9 12 8
17 20 40
12 14 3
5 7 12
13 16 30
18 21 36
13 15 6
12 15 16
13 16 12
0 5 68
19 22 8
3 7 58
23 2 67
9 12 51
3 5 49
17 20 64
5 7 27
0 2 35
13 16 44
2 5 33
13 15 6
12 14 70
20 23 53
14 19 40
15 19 33
10 14 28
16 18 65
4 7 63
18 20 37
2 4 6
18 21 2
9 12 14
17 20 3
2 5 36
4 6 42
9 12 65
19 21 21
22 0 14
14 18 46
19 22 2
5 8 62
11 16 35
2 6 7
1 5 14
11 13 14
13 16 51
10 12 46
14 17 46
5 10 8
4 8 50
10 12 69
17 20 15
15 17 61
15 17 65
12 17 10
10 13 61
21 1 49
18 20 15
0 2 41
0 0 28
5 8 70
4 8 67
8 13 27
9 13 42
5 9 58
21 0 34
1 3 42
15 18 35
0 2 34
0 3 31
19 21 37
6 10 35
8 12 64
5 8 43
19 22 59
9 11 3
15 18 40
2 5 8
8 14 61
11 14 39
19 22 52
18 21 29
10 13 43
11 13 47
19 21 59
15 17 28
10 12 63
5 8 50
14 16 44
2 7 45
10 12 19
18 20 56
3 7 26
23 2 64
4 6 62
22 0 10
22 0 7
15 19 44
3 6 45
3 6 39
5 8 56
14 17 36
18 19 15
19 21 18
2 6 60
21 1 53
20 23 18
16 19 59
17 19 5
21 1 59
1 5 54
6 9 54
0 3 29
11 14 16
5 8 55
7 11 46
13 17 44
9 12 21
5 10 42
22 2 64
20 22 48
9 12 53
8 9 62
18 20 46
1 4 13
10 10 50
5 8 12
0 2 24
19 22 35
13 15 47
8 12 46
2 5 39
12 15 1
16 20 7
5 7 20
16 20 24
9 12 15
19 23 7
15 19 42
8 12 55
5 8 26
23 2 41
21 0 54
12 15 20
19 22 59
12 14 4
7 10 55
3 6 2
8 10 42
18 20 67
3 6 6
2 6 51
15 18 34
8 9 31
12 13 50
20 1 45
8 10 9
16 21 41
22 0 56
22 2 48
23 2 8
8 12 54
15 19 21
9 14 58
4 7 40
22 2 70
6 9 52
0 3 4
0 2 32
22 1 11
2 6 14
11 14 11
15 19 27
7 8 12
6 9 2
6 8 28
6 9 64
4 7 7
19 22 36
4 7 49
13 19 59
22 1 13
10 13 62
18 21 25
16 18 35
15 17 3
21 23 19
18 22 53
4 7 37
11 15 41
18 20 24
11 14 11
11 14 10
20 23 6
2 4 32
3 6 40
7 9 19
5 7 2
6 9 51
20 0 24
5 8 59
1 5 45
21 23 61
9 13 36
10 14 49
10 14 51
1 3 23
4 8 24
10 14 25
20 22 29
6 9 67
6 11 22
15 18 50
2 5 11
1 3 43
0 2 30
18 23 16
19 21 45
18 22 4
22 0 9
13 17 39
1 3 61
4 6 4
0 5 57
9 13 62
1 4 29
16 19 51
6 9 13
23 3 3
11 15 16
5 8 61
14 19 64
9 11 30
16 18 57
23 2 41
7 11 44
4 7 65
1 5 21
7 9 36
6 9 43
4 6 49
22 2 69
12 16 13
18 22 53
18 22 57
11 14 39
17 20 41
0 2 37
9 10 49
5 8 21
8 11 61
6 9 50
9 14 21
2 5 31
5 8 15
13 16 30
9 13 43
17 21 20
2 4 15
5 8 9
15 18 54
9 13 58
1 4 47
16 17 51
21 0 46
0 1 28
2 4 59
2 3 60
16 18 47
5 8 68
6 8 40
9 13 45
3 4 4
4 7 53
17 20 68
3 5 43
15 17 6
8 11 67
19 23 50
1 4 33
12 16 9
21 2 29
20 22 17
12 16 61
5 8 12
1 5 58
20 22 43
15 18 1
9 9 59
16 19 51
12 18 40
6 9 27
17 18 49
