1400 70
63 47 64 52 30 12 12 18 68 26 27 48 56 60 34 11 37 12 17 29 35 65 53 57 34 46 5 68 68 4 67 66 28 26 16 36 65 33 60 53 56 39 38 39 44 15 35 5 41 41 22 11 37 16 35 1 43 7 6 41 58 17 30 13 2 67 20 11 41 32 
5 9 38
21 2 24
21 21 70
15 19 44
11 15 39
20 23 40
2 4 17
9 12 31
11 14 41
10 12 51
2 4 56
6 9 47
17 19 31
22 23 4
22 23 68
16 20 61
14 16 2
4 6 33
3 5 54
1 5 2
16 19 35
19 22 31
18 22 7
11 15 49
22 2 3
14 17 36
18 21 60
0 4 28
4 7 38
3 4 63
0 3 48
2 6 60
10 14 39
16 20 70
11 11 9
3 6 55
22 23 15
6 9 65
0 2 60
9 13 8
6 9 11
19 22 42
6 7 48
7 9 59
2 5 45
14 16 51
12 15 57
3 5 45
7 11 47
0 2 46
14 16 52
23 3 32
9 11 21
8 10 28
15 19 9
14 18 46
19 22 2
17 20 29
14 18 49
16 20 64
14 16 44
9 12 5
2 6 70
21 2 33
11 15 49
0 3 25
23 2 49
22 4 31
23 2 43
12 13 53
19 22 50
0 3 46
17 19 70
4 8 7
15 19 14
10 13 33
3 6 70
20 22 12
20 22 27
2 4 20
21 1 11
21 0 65
11 14 43
18 21 21
19 23 36
7 8 58
0 4 1
22 0 25
22 2 36
1 3 12
8 11 64
6 10 54
10 13 46
10 13 16
22 2 45
9 14 25
13 15 68
8 11 32
15 18 20
3 5 60
1 5 38
6 10 53
13 17 49
3 4 45
8 10 30
18 22 2
22 0 65
11 15 2
10 13 6
10 12 52
12 15 9
4 7 27
10 15 52
0 4 31
7 11 47
17 18 5
17 21 60
8 11 42
5 8 38
15 19 32
4 8 23
2 6 51
15 17 54
9 13 54
1 6 43
10 14 26
16 18 14
12 13 13
12 16 43
14 17 57
5 8 18
3 3 7
6 9 28
2 5 8
13 17 48
18 21 60
11 16 18
3 5 41
13 16 64
4 6 43
22 3 58
6 11 59
8 11 20
15 17 45
12 17 60
5 8 7
3 7 31
2 5 64
8 11 28
21 0 5
11 13 69
11 13 24
18 22 37
10 14 5
15 17 11
9 13 40
0 3 22
18 20 1
2 4 23
16 16 53
6 8 61
21 0 59
15 19 61
3 6 44
1 4 37
18 22 7
20 23 59
17 22 11
2 5 11
2 5 34
6 9 29
15 18 43
8 10 12
6 9 49
8 10 43
17 21 29
9 12 56
4 8 6
14 15 4
15 18 38
7 10 24
0 2 43
8 11 49
9 11 38
1 2 41
2 4 64
19 22 61
17 20 17
0 3 62
13 16 32
13 14 68
14 18 62
22 2 26
12 17 28
2 4 1
8 10 52
18 21 33
16 19 57
14 19 58
21 0 53
16 19 16
3 7 7
2 6 7
5 5 36
16 19 61
0 5 70
9 13 45
18 0 64
13 15 18
1 3 12
23 0 1
13 15 1
8 9 31
15 19 48
7 10 8
21 0 58
9 12 54
11 14 53
15 18 2
7 7 22
20 23 17
9 13 56
13 15 17
18 20 49
3 5 66
1 4 38
9 12 67
13 15 44
16 21 10
7 9 62
18 21 5
4 6 57
19 21 3
20 22 45
13 17 26
21 0 20
0 3 50
17 20 44
11 12 9
13 16 2
10 13 51
15 17 43
13 17 12
22 0 50
0 3 11
18 20 12
5 7 10
12 14 46
1 5 54
10 13 12
19 22 1
12 13 37
14 17 68
0 2 45
8 11 42
16 18 62
1 5 51
7 9 38
1 5 13
7 9 13
10 13 53
19 21 1
6 8 65
4 9 49
3 7 61
9 11 49
12 14 3
10 13 55
19 22 66
21 0 43
12 15 52
8 10 3
13 17 1
11 15 59
4 8 38
1 4 19
11 11 56
12 14 65
2 5 70
4 7 24
4 7 51
7 11 26
16 18 44
23 2 35
12 14 2
7 9 26
19 23 41
2 4 19
8 11 62
21 1 49
11 13 29
12 14 25
5 9 32
10 12 2
12 15 30
11 15 36
15 18 65
9 12 40
18 20 61
22 2 48
12 17 61
5 10 34
6 9 18
7 9 20
10 12 45
15 17 55
4 7 44
19 21 64
9 11 13
14 17 50
9 13 24
12 14 49
3 6 11
3 5 5
6 11 30
13 15 16
14 17 46
21 23 36
9 11 20
20 23 46
16 20 20
10 13 51
8 9 1
23 1 39
18 22 55
8 10 69
6 8 70
6 9 17
14 17 43
2 5 41
14 16 60
3 6 23
2 4 45
23 2 43
11 15 38
4 7 28
8 13 56
21 1 1
9 11 48
8 11 68
0 4 36
12 16 7
8 11 6
0 2 18
9 11 17
10 12 5
6 10 42
17 20 3
16 19 25
23 1 34
8 12 37
18 21 40
12 14 43
20 0 51
0 2 4
20 23 49
0 2 30
14 16 48
2 6 24
5 8 42
14 16 20
11 15 60
4 7 22
1 5 49
23 2 45
3 7 45
20 22 5
16 18 1
16 19 25
15 19 7
20 22 7
12 14 66
19 22 40
20 21 29
12 14 42
4 7 8
8 10 23
23 2 7
2 4 37
8 11 31
13 18 36
3 6 48
15 18 21
13 15 40
14 18 47
17 20 65
5 8 38
14 17 45
18 22 7
22 1 14
12 15 2
8 12 9
10 13 48
17 19 11
17 18 22
11 12 61
5 8 13
4 7 4
16 19 34
2 6 35
20 23 56
8 12 26
21 23 4
0 3 28
15 19 44
0 2 29
23 2 66
15 18 30
17 20 42
22 1 56
17 21 56
6 8 14
19 23 61
9 12 19
15 18 14
21 23 69
4 9 16
18 23 7
4 7 43
23 2 56
2 5 60
8 12 44
13 16 8
14 16 51
14 18 46
14 17 11
0 4 47
7 9 57
3 8 26
18 21 62
12 15 54
10 14 26
5 7 55
16 21 64
17 20 60
14 15 14
13 15 2
19 21 14
21 0 41
18 23 27
9 13 21
22 1 36
6 9 36
14 17 16
2 4 42
20 0 53
7 11 36
20 22 49
7 9 46
18 21 21
17 19 4
20 23 68
23 1 10
3 6 49
17 20 62
0 3 48
20 22 32
7 11 22
15 19 20
22 1 43
3 8 64
16 18 63
3 7 52
18 20 54
19 21 50
3 5 5
2 6 31
2 4 61
10 13 28
15 17 41
0 2 14
23 3 12
13 17 17
23 4 67
4 8 60
2 6 14
7 9 35
22 3 5
15 18 40
20 0 6
21 1 2
6 11 3
2 5 40
4 7 14
15 19 54
7 11 8
4 6 20
19 22 68
6 11 16
0 3 46
3 7 46
15 17 68
20 0 19
11 15 43
3 6 28
0 4 20
7 10 32
11 16 26
5 8 14
6 8 51
22 2 22
12 13 53
15 17 11
2 4 50
20 22 21
15 19 43
0 1 2
15 18 24
8 11 68
21 2 56
12 17 8
17 20 43
7 10 41
2 5 59
18 22 47
19 22 5
6 8 3
10 14 11
18 20 70
21 0 37
14 18 21
16 19 41
4 6 66
1 4 22
21 1 1
1 4 17
19 23 5
19 23 64
23 2 31
10 14 52
8 10 34
22 1 38
19 23 67
3 7 5
17 21 2
12 15 12
16 20 49
10 13 30
12 16 21
14 17 55
17 18 37
16 18 50
12 16 38
3 5 66
9 12 33
1 3 29
14 20 28
23 1 56
3 6 57
17 20 12
18 22 6
21 0 45
9 12 42
20 23 23
16 19 42
0 3 69
22 0 6
5 8 20
18 19 39
8 10 32
17 21 58
0 3 28
14 16 44
21 0 55
17 20 68
4 6 7
1 6 22
2 7 67
12 15 32
8 10 32
17 21 59
15 17 41
8 12 37
18 21 48
17 19 46
2 4 26
13 15 33
5 9 57
12 15 23
16 20 7
4 8 44
5 8 61
22 1 1
16 19 35
11 13 35
10 13 15
6 9 24
17 18 39
5 6 9
2 5 48
13 15 32
22 1 45
14 18 1
8 13 13
20 23 19
14 17 23
16 19 42
14 17 40
5 9 32
11 13 59
3 5 11
3 6 44
4 7 55
1 3 39
1 6 53
6 8 56
4 8 22
14 16 26
8 11 12
11 11 7
4 8 65
21 23 10
16 18 38
15 17 25
15 18 69
20 23 34
3 6 63
15 18 24
12 16 61
13 15 49
12 13 59
6 8 63
14 18 13
15 17 57
22 0 34
19 23 69
20 23 69
1 3 36
7 11 13
6 9 30
11 15 43
0 1 32
16 19 44
14 16 37
23 2 18
23 1 27
12 14 1
0 3 19
0 3 68
8 13 62
1 4 31
4 7 59
11 14 40
19 21 50
10 14 21
6 10 66
5 6 9
3 6 20
0 0 41
12 14 5
19 21 61
20 21 24
17 19 18
16 19 63
15 19 64
4 8 67
12 16 4
23 5 43
13 17 49
21 0 53
12 15 15
17 20 38
6 9 36
19 0 21
19 22 17
1 6 29
23 1 58
0 3 2
5 7 14
17 21 20
21 0 8
13 17 55
8 11 65
1 3 34
22 1 38
4 8 27
8 11 33
6 8 30
16 19 24
9 10 23
0 4 34
14 19 18
23 2 46
9 13 31
20 0 68
7 11 34
16 19 58
3 6 35
23 2 43
23 0 64
1 5 49
16 19 36
19 23 33
14 16 35
5 8 37
19 22 46
20 22 64
17 21 43
15 18 29
6 10 1
5 7 66
14 18 56
10 12 24
18 21 31
23 1 31
18 0 28
15 17 38
10 13 51
19 21 62
10 13 39
17 20 48
14 17 68
9 12 6
0 2 4
17 21 16
5 8 57
7 9 27
21 1 41
17 20 2
5 9 25
18 20 14
8 12 57
13 14 44
23 2 14
19 0 11
16 19 57
23 1 2
6 9 68
6 9 12
9 14 43
5 8 45
23 1 2
19 22 70
16 19 30
15 17 4
22 2 12
3 5 44
12 14 67
13 13 65
22 1 10
21 23 31
9 12 49
18 23 27
5 8 1
18 22 62
4 8 59
18 21 54
19 21 50
17 20 45
13 15 28
16 22 10
2 4 25
13 16 10
15 18 7
6 9 68
22 3 19
18 22 27
20 23 61
1 5 57
0 4 20
16 20 13
3 4 5
1 3 42
13 17 10
11 15 61
2 7 19
22 1 51
10 13 65
8 12 53
20 21 68
9 12 9
17 20 4
3 5 63
1 4 65
16 20 20
3 6 18
2 5 38
11 14 32
9 12 48
2 6 21
19 20 3
0 2 13
16 19 47
23 2 2
21 1 50
3 6 1
20 0 5
17 20 15
13 14 18
8 11 35
9 11 24
23 3 46
6 9 8
4 9 12
1 3 1
16 20 25
19 22 2
19 21 7
11 16 40
8 11 59
12 17 67
20 23 36
6 9 7
11 14 11
11 13 34
15 19 23
3 5 35
7 11 27
2 5 31
8 10 49
5 7 49
21 23 20
12 15 45
11 13 56
17 19 16
20 22 20
20 0 8
23 2 26
18 21 5
2 6 32
0 4 38
11 14 44
5 7 70
18 20 2
21 23 59
13 16 68
14 17 31
11 12 52
8 13 1
8 11 21
6 9 21
11 15 51
19 20 15
15 20 51
22 1 38
0 3 22
9 13 42
21 0 37
4 7 31
14 19 14
4 6 10
1 4 3
19 21 39
8 11 5
8 12 60
7 11 6
9 13 6
1 4 54
10 12 39
22 2 15
23 3 15
3 6 6
4 7 28
1 5 49
21 0 65
1 5 52
10 12 3
7 8 33
0 1 35
6 9 21
2 4 69
9 13 68
15 17 27
14 17 67
10 14 2
11 15 9
2 4 35
15 19 19
0 3 18
18 20 2
8 10 3
19 23 34
22 23 67
8 11 42
15 18 26
22 0 26
14 16 5
2 5 67
13 18 9
18 19 60
11 14 14
13 15 8
15 18 1
9 12 64
23 0 16
6 8 58
7 10 69
7 8 10
14 17 52
14 17 69
14 18 1
9 12 16
18 20 66
13 16 47
2 6 22
3 6 7
14 17 62
6 9 33
9 11 46
21 22 59
12 16 26
18 20 21
7 10 11
21 23 60
3 9 28
23 2 35
9 13 39
22 0 47
2 6 29
2 5 45
5 9 31
5 7 43
21 0 61
9 12 42
17 19 39
14 16 23
11 14 61
3 7 58
9 11 58
16 19 37
4 8 46
15 18 11
10 12 13
11 15 12
8 9 3
23 2 64
18 20 64
13 15 20
6 8 5
11 14 56
11 15 11
21 0 51
1 5 53
13 18 15
15 19 63
18 20 22
17 18 31
20 23 54
14 17 15
8 14 17
22 22 6
1 4 54
6 8 35
23 2 46
22 1 63
16 17 31
18 22 42
16 18 41
9 12 65
12 16 26
23 2 33
0 4 25
4 7 58
8 11 25
21 22 42
21 0 8
14 18 48
10 12 26
22 1 40
8 13 24
6 9 63
10 13 62
15 19 57
21 23 35
8 9 35
8 11 49
6 11 3
0 2 33
3 6 68
10 12 16
6 8 34
13 15 35
9 12 34
14 16 26
14 16 69
15 16 8
2 5 2
14 16 4
13 17 37
9 11 58
13 17 43
2 6 21
9 13 15
11 14 42
1 3 8
10 13 26
0 3 44
23 2 14
19 22 8
14 18 23
8 9 39
16 20 5
3 6 1
3 7 3
8 11 11
6 10 69
13 16 27
4 7 12
5 9 48
17 23 17
19 23 1
12 15 12
23 3 37
14 15 42
19 23 33
5 9 3
0 3 26
4 5 26
4 8 36
20 0 38
3 5 8
1 4 2
18 22 15
3 6 2
2 5 68
16 20 28
22 23 64
9 12 25
6 8 63
3 5 42
14 17 54
16 19 64
5 9 41
6 11 10
8 10 57
4 4 32
11 15 14
14 17 48
12 14 36
7 9 38
12 14 48
6 9 17
3 7 43
14 17 55
8 11 2
1 5 3
11 15 56
3 6 1
12 14 48
22 0 32
0 3 8
18 21 17
4 7 44
23 1 32
12 13 66
12 15 20
17 20 68
23 1 69
4 7 6
8 11 34
11 14 40
15 18 1
17 18 36
2 7 55
7 11 22
5 7 17
11 14 29
17 21 62
1 4 60
10 13 33
3 5 1
20 0 53
12 14 21
18 21 40
0 4 68
15 18 37
11 15 40
4 6 26
10 13 10
22 0 27
13 15 9
19 20 42
11 14 42
21 0 46
17 19 12
16 20 17
15 18 22
11 16 31
18 22 44
12 15 47
13 15 53
17 19 24
5 8 5
11 15 50
5 8 65
14 17 9
16 20 40
14 17 50
5 9 42
14 16 26
9 9 53
7 10 19
19 23 20
9 12 64
14 18 63
8 9 65
15 18 6
12 15 55
8 10 27
9 12 13
21 22 9
5 6 54
17 21 63
6 7 49
16 21 25
16 20 38
11 15 64
10 14 33
10 13 14
8 11 51
10 13 40
0 4 26
17 20 17
14 18 38
12 15 11
2 3 32
8 13 50
8 10 56
19 22 69
9 12 2
4 9 18
15 18 31
16 20 65
15 17 10
17 20 63
15 19 21
13 17 49
16 20 28
1 3 30
7 10 13
4 7 66
16 18 32
17 19 9
17 20 28
22 1 64
18 21 58
10 13 47
3 5 67
19 22 62
13 17 28
3 6 8
2 5 19
7 8 61
21 0 23
13 16 51
21 23 12
13 15 68
22 0 13
0 3 65
0 3 12
12 13 61
9 13 1
6 10 58
22 2 7
17 21 60
3 7 4
12 15 39
3 5 8
13 16 35
9 11 47
2 5 61
23 2 8
8 11 50
8 12 27
2 6 3
13 16 28
4 6 32
0 4 63
3 6 47
1 3 24
18 20 19
6 7 48
19 23 69
17 20 40
23 2 64
16 17 64
6 10 56
16 20 68
5 8 55
21 0 18
2 5 67
4 5 1
14 18 57
13 15 70
7 11 65
11 14 2
13 17 54
9 12 33
0 3 24
11 14 51
20 23 16
6 10 26
20 23 67
20 0 18
2 3 7
9 10 52
1 4 19
6 10 64
23 1 23
4 7 66
20 2 13
16 19 2
12 16 32
0 3 13
8 11 61
15 18 42
13 17 17
9 12 30
10 11 38
2 5 4
10 14 15
10 13 5
17 21 68
23 1 9
21 23 62
4 6 31
21 1 9
19 22 61
17 21 2
2 3 26
5 8 9
21 0 25
19 0 25
6 9 37
6 11 48
20 0 21
15 17 6
8 11 57
16 20 29
15 18 65
5 8 55
14 16 18
11 15 37
14 19 55
21 0 60
13 17 50
1 4 45
18 22 22
23 4 40
4 9 16
4 6 22
12 14 18
5 8 3
16 19 44
12 14 27
22 1 6
1 3 27
4 7 46
5 7 51
3 6 38
18 22 19
13 16 1
2 5 12
4 9 13
6 9 2
5 6 21
7 10 23
17 21 45
21 23 32
3 7 4
11 14 42
23 2 30
13 14 12
1 2 40
23 2 18
23 2 37
18 22 26
23 1 53
16 19 45
16 18 52
20 22 23
10 13 28
17 21 13
16 17 3
12 17 48
8 10 36
9 11 15
14 18 17
9 12 35
16 19 31
3 4 2
1 4 64
7 10 60
14 16 9
7 11 56
1 6 21
13 16 24
6 9 38
22 0 66
2 5 6
2 4 2
3 5 10
7 9 37
10 13 40
17 21 25
8 13 6
12 15 36
12 16 56
14 17 34
6 9 57
0 3 43
9 13 32
20 21 56
23 1 70
1 4 22
7 10 22
9 11 61
20 0 17
3 4 26
8 12 10
17 21 56
20 21 20
12 14 34
11 14 20
19 22 61
4 7 28
17 19 35
10 13 23
9 14 62
10 13 24
1 1 5
4 7 52
16 18 23
5 8 40
8 12 69
9 12 25
6 8 61
16 20 30
10 14 57
19 22 11
13 15 46
18 22 6
0 3 47
7 8 57
16 18 24
8 13 36
4 6 56
15 19 26
0 2 45
2 4 29
7 11 61
22 1 22
10 13 19
3 7 41
23 2 61
2 6 50
4 7 23
23 2 8
8 12 43
18 23 44
9 13 5
19 22 38
20 23 8
4 7 18
11 13 28
2 5 55
18 21 46
13 16 52
16 21 14
20 22 39
0 3 70
20 1 5
15 18 24
15 18 65
8 11 36
22 1 37
16 19 19
18 22 50
21 0 43
10 14 4
23 2 29
22 23 28
21 23 35
20 23 28
12 15 54
11 14 62
2 4 63
14 19 19
2 6 8
9 12 48
0 1 1
12 14 27
15 19 42
6 8 16
8 10 52
14 18 32
7 10 22
16 20 27
22 3 66
20 23 65
9 10 1
15 19 29
3 4 38
12 16 11
7 10 20
16 20 58
19 21 37
12 16 7
0 3 24
14 18 22
